0.1 0.0 
0.3 0.0 
0.5 0.0 
0.7 0.0 
0.9 0.0 
1.1 0.0 
1.3 0.0 
1.5 0.0 
1.7 0.0 
1.9 0.0 
2.1 4.2342924025e-04 
2.3 0.0684888797 
2.5 1.2639358307 
2.7 3.5207878135 
2.9 2.9726869943 
3.1 1.2746142162 
3.3 0.4590636354 
3.5 0.2998312126 
3.7 0.3965146842 
3.9 0.5405367424 
4.1 0.5780146597 
4.3 0.5887624838 
4.5 0.8908013203 
4.7 1.5123976352 
4.9 1.8207319793 
5.1 1.411536206 
5.3 0.9871720184 
5.5 0.9256782753 
5.7 0.9197209749 
5.9 0.8391322348 
6.1 0.8210195114 
6.3 0.8536183427 
6.5 0.8344512288 
6.7 0.8166832679 
6.9 0.885575221 
7.1 1.0860628526 
7.3 1.3598759514 
7.5 1.4330931524 
7.7 1.2011513999 
7.9 0.9043311075 
8.1 0.7880839464 
8.3 0.8351392752 
8.5 0.8912999148 
8.7 0.8971332255 
8.9 0.9075165188 
9.1 0.9758954566 
9.3 1.0394420884 
9.5 1.0664126406 
9.7 1.0895135858 
9.9 1.1606121745 
