0.1 0.0 
0.3 0.0 
0.5 0.0 
0.7 0.0 
0.9 0.0 
1.1 0.0 
1.3 0.0 
1.5 0.0 
1.7 0.0 
1.9 0.0015515322 
2.1 0.1657725476 
2.3 1.0471031811 
2.5 2.075430747 
2.7 2.1234647409 
2.9 1.6056752181 
3.1 1.1571055547 
3.3 0.8531961849 
3.5 0.7100783957 
3.7 0.6538295825 
3.9 0.6822886798 
4.1 0.7630171404 
4.3 0.8982253014 
4.5 1.0514398929 
4.7 1.1510140667 
4.9 1.2141585425 
5.1 1.1991843802 
5.3 1.1091342094 
5.5 1.0228417564 
5.7 0.941000162 
5.9 0.8959511358 
6.1 0.8774129737 
6.3 0.903899036 
6.5 0.9480701612 
6.7 1.0019610388 
6.9 1.0475522608 
7.1 1.0705683213 
7.3 1.0629975495 
7.5 1.0532891674 
7.7 1.0227664787 
7.9 0.9842892654 
8.1 0.9686820673 
8.3 0.9603348945 
8.5 0.9592695672 
8.7 0.9742839425 
8.9 0.9913830908 
9.1 1.0119553206 
9.3 1.0223845219 
9.5 1.0262440999 
9.7 1.024540178 
9.9 1.0119726708 
