0.1 0.0 
0.3 0.0 
0.5 0.0 
0.7 0.0 
0.9 0.0 
1.1 0.0 
1.3 0.0 
1.5 0.0 
1.7 0.0 
1.9 0.0 
2.1 0.0021171462 
2.3 0.1415672204 
2.5 1.5260168624 
2.7 3.2822423325 
2.9 2.7080360022 
3.1 1.3131034056 
3.3 0.535059596 
3.5 0.3378820201 
3.7 0.4214205282 
3.9 0.5400454012 
4.1 0.596853903 
4.3 0.6313546724 
4.5 0.9385038718 
4.7 1.5195026603 
4.9 1.7101098559 
5.1 1.3567600669 
5.3 1.0158748739 
5.5 0.9081666117 
5.7 0.8775076685 
5.9 0.8526592665 
6.1 0.8879836093 
6.3 0.9169400023 
6.5 0.8713143585 
6.7 0.790875086 
6.9 0.8391250571 
7.1 1.0709204697 
7.3 1.3548265816 
7.5 1.4114337281 
7.7 1.1640876777 
7.9 0.8891957962 
8.1 0.79996053 
8.3 0.8758810844 
8.5 0.9480188828 
8.7 0.9504968334 
8.9 0.9195362146 
9.1 0.9364394664 
9.3 0.9628828899 
9.5 1.0075470935 
9.7 1.0823936205 
9.9 1.1859129213 
