0.1 0.0 
0.3 0.0 
0.5 0.0 
0.7 0.0 
0.9 0.0 
1.1 0.0 
1.3 0.0 
1.5 0.0 
1.7 0.0 
1.9 2.5858870576e-04 
2.1 0.0569512328 
2.3 0.7170150239 
2.5 2.0398690107 
2.7 2.4612974119 
2.9 1.8986459766 
3.1 1.2349586877 
3.3 0.8219743681 
3.5 0.6048477056 
3.7 0.5494297431 
3.9 0.5708156441 
4.1 0.6817138574 
4.3 0.8568457018 
4.5 1.0594672081 
4.7 1.2273507948 
4.9 1.3054422222 
5.1 1.2699084575 
5.3 1.16600777 
5.5 1.0349485856 
5.7 0.916931676 
5.9 0.8579197788 
6.1 0.8272463941 
6.3 0.8497813797 
6.5 0.8972976682 
6.7 0.9756325306 
6.9 1.0450011322 
7.1 1.1075253732 
7.3 1.132654308 
7.5 1.1210080884 
7.7 1.056647007 
7.9 0.9977179244 
8.1 0.9402010516 
8.3 0.9215325257 
8.5 0.9103096921 
8.7 0.9423744059 
8.9 0.9645481469 
9.1 0.9937335808 
9.3 1.0336302007 
9.5 1.055873575 
9.7 1.0622154201 
9.9 1.0590469313 
