0.1 0.0 
0.3 0.0 
0.5 0.0 
0.7 0.0 
0.9 0.0 
1.1 0.0 
1.3 0.0 
1.5 0.0 
1.7 0.0 
1.9 0.0018101209 
2.1 0.1001410153 
2.3 0.9743778759 
2.5 2.1341524377 
2.7 2.1975137677 
2.9 1.6699777462 
3.1 1.1429150959 
3.3 0.8471919893 
3.5 0.6801105252 
3.7 0.6274225643 
3.9 0.6600554903 
4.1 0.7605719289 
4.3 0.8970127124 
4.5 1.0458115454 
4.7 1.1694955903 
4.9 1.2217460607 
5.1 1.2214899424 
5.3 1.1213736658 
5.5 1.0249419206 
5.7 0.9288365185 
5.9 0.8807332252 
6.1 0.8674198312 
6.3 0.8910463869 
6.5 0.9571366778 
6.7 1.0056033225 
6.9 1.0447656434 
7.1 1.0741639422 
7.3 1.0705190067 
7.5 1.0646670091 
7.7 1.0220573513 
7.9 0.9853521804 
8.1 0.9612200412 
8.3 0.9546115112 
8.5 0.9550537935 
8.7 0.9688772202 
8.9 0.993482704 
9.1 1.0130836017 
9.3 1.026846064 
9.5 1.0317310397 
9.7 1.0242919225 
9.9 1.0185314175 
