0.1 0.0 
0.3 0.0 
0.5 0.0 
0.7 0.0 
0.9 0.0 
1.1 0.0 
1.3 0.0 
1.5 0.0 
1.7 0.0 
1.9 0.0 
2.1 0.015031738 
2.3 0.4435890583 
2.5 1.8781975875 
2.7 2.7705609947 
2.9 2.2210470803 
3.1 1.3373049413 
3.3 0.7332838227 
3.5 0.4757494749 
3.7 0.4697992773 
3.9 0.5277618711 
4.1 0.6126366319 
4.3 0.7688824748 
4.5 1.0481182452 
4.7 1.3647146134 
4.9 1.4470369837 
5.1 1.3150583636 
5.3 1.1193781022 
5.5 0.9759277934 
5.7 0.8790892297 
5.9 0.8644685799 
6.1 0.8805013066 
6.3 0.891305323 
6.5 0.881154846 
6.7 0.8685702015 
6.9 0.9272371129 
7.1 1.0906593164 
7.3 1.2275403831 
7.5 1.2494697353 
7.7 1.1226273661 
7.9 0.9653364424 
8.1 0.8936203503 
8.3 0.9051354394 
8.5 0.9346344478 
8.7 0.9505215216 
8.9 0.9430683961 
9.1 0.9317570999 
9.3 0.9566929054 
9.5 1.0041099916 
9.7 1.0805168095 
9.9 1.1543108205 
