0.1 0.0 
0.3 0.0 
0.5 0.0 
0.7 0.0 
0.9 0.0 
1.1 0.0 
1.3 0.0 
1.5 0.0 
1.7 0.0 
1.9 0.0069818951 
2.1 0.2026108915 
2.3 1.1364211531 
2.5 2.035834696 
2.7 2.0668390145 
2.9 1.573690541 
3.1 1.1053978558 
3.3 0.8726669332 
3.5 0.7312770419 
3.7 0.6705472038 
3.9 0.6930367687 
4.1 0.7797446101 
4.3 0.9016609702 
4.5 1.0574834463 
4.7 1.1593455545 
4.9 1.2062597416 
5.1 1.1666419658 
5.3 1.0954645993 
5.5 1.0146572928 
5.7 0.936456768 
5.9 0.9052912291 
6.1 0.8941602752 
6.3 0.9223776616 
6.5 0.9552349206 
6.7 1.0088709714 
6.9 1.0453543654 
7.1 1.0548884487 
7.3 1.0608761129 
7.5 1.0417950557 
7.7 1.0051013288 
7.9 0.9908014913 
8.1 0.9725127639 
8.3 0.9655564646 
8.5 0.968257183 
8.7 0.9815669701 
8.9 0.9976583392 
9.1 1.0126210065 
9.3 1.020764107 
9.5 1.0207882182 
9.7 1.0137460324 
9.9 1.0083882394 
