0.1 0.0 
0.3 0.0 
0.5 0.0 
0.7 0.0 
0.9 0.0 
1.1 0.0 
1.3 0.0 
1.5 0.0 
1.7 0.0 
1.9 0.0 
2.1 0.0 
2.3 0.0 
2.5 0.0 
2.7 0.0 
2.9 8.9956904599 
3.1 0.0 
3.3 0.0 
3.5 0.0 
3.7 0.0 
3.9 2.4874148467 
4.1 0.0 
4.3 0.0 
4.5 0.0 
4.7 0.0 
4.9 6.3034766021 
5.1 0.0 
5.3 0.0 
5.5 0.0 
5.7 2.3292083218 
5.9 0.0 
6.1 0.0 
6.3 3.8134233659 
6.5 0.0 
6.7 0.0 
6.9 1.0596995576 
7.1 0.0 
7.3 0.0 
7.5 5.3816361035 
7.7 0.0 
7.9 0.60631069 
8.1 0.0 
8.3 0.0 
8.5 3.1424325596 
8.7 0.0 
8.9 1.9108839186 
9.1 0.0 
9.3 1.7500479976 
9.5 0.0 
9.7 1.6086951056 
9.9 0.0 
