0.1 0.0 
0.3 0.0 
0.5 0.0 
0.7 0.0 
0.9 0.0 
1.1 0.0 
1.3 0.0 
1.5 0.0 
1.7 0.0 
1.9 0.0 
2.1 0.004446007 
2.3 0.2723668591 
2.5 1.6841022282 
2.7 3.0540739643 
2.9 2.5139067809 
3.1 1.3254471608 
3.3 0.607367265 
3.5 0.3915649229 
3.7 0.4359546235 
3.9 0.5499950606 
4.1 0.6030225048 
4.3 0.6737447628 
4.5 1.0062285772 
4.7 1.4527661745 
4.9 1.6099546166 
5.1 1.3484987476 
5.3 1.0366287346 
5.5 0.9118110144 
5.7 0.8553945673 
5.9 0.8611941794 
6.1 0.9308687533 
6.3 0.9393968288 
6.5 0.8891156898 
6.7 0.7952042003 
6.9 0.8392624255 
7.1 1.0634697501 
7.3 1.3122575885 
7.5 1.3642945822 
7.7 1.1499524061 
7.9 0.9033729869 
8.1 0.8236140136 
8.3 0.8967673647 
8.5 0.9767404577 
8.7 0.979505503 
8.9 0.9389281477 
9.1 0.90899967 
9.3 0.9117858095 
9.5 0.9654529475 
9.7 1.0788088122 
9.9 1.1969712733 
