0.1 0.0 
0.3 0.0 
0.5 0.0 
0.7 0.0 
0.9 0.0 
1.1 0.0 
1.3 0.0 
1.5 0.0 
1.7 0.0 
1.9 0.0 
2.1 0.0 
2.3 0.0 
2.5 0.374294746 
2.7 4.4193689111 
2.9 3.5311972082 
3.1 0.9154789768 
3.3 0.3667705727 
3.5 0.2768024674 
3.7 0.3314183137 
3.9 0.4799175213 
4.1 0.596853903 
4.3 0.5880046157 
4.5 0.811681518 
4.7 1.4822858622 
4.9 1.9438832351 
5.1 1.3844175273 
5.3 1.0521608707 
5.5 1.1814041568 
5.7 0.9354215643 
5.9 0.6566783428 
6.1 0.6192735322 
6.3 0.7235382346 
6.5 0.8136203541 
6.7 0.9330282173 
6.9 1.0752810659 
7.1 1.1746189178 
7.3 1.3591220524 
7.5 1.3903224334 
7.7 1.1202636083 
7.9 0.8611857394 
8.1 0.8187295194 
8.3 0.8359665889 
8.5 0.8268606496 
8.7 0.8328574201 
8.9 0.9057825686 
9.1 1.0550556587 
9.3 1.1541566544 
9.5 1.1232076444 
9.7 1.1075965104 
9.9 1.1242721419 
