0.1 0.0 
0.3 0.0 
0.5 0.0 
0.7 0.0 
0.9 0.0 
1.1 0.0 
1.3 0.0 
1.5 0.0 
1.7 0.0 
1.9 0.0 
2.1 0.0 
2.3 0.0042364255 
2.5 0.5685395243 
2.7 4.0505330143 
2.9 3.8672584345 
3.1 0.9407496567 
3.3 0.0968390965 
3.5 0.0879972582 
3.7 0.3797288276 
3.9 0.826374488 
4.1 0.7545144731 
4.3 0.3143131736 
4.5 0.4452391912 
4.7 1.7394623958 
4.9 2.5673437635 
5.1 1.3495044734 
5.3 0.4952988679 
5.5 0.8217819148 
5.7 0.9397924244 
5.9 0.7022783961 
6.1 0.9689833018 
6.3 1.2892666528 
6.5 0.9423870032 
6.7 0.5675926858 
6.9 0.5420951959 
7.1 0.8043070335 
7.3 1.6311568533 
7.5 1.9592643514 
7.7 1.1648440802 
7.9 0.5212325752 
8.1 0.568666201 
8.3 0.9669127166 
8.5 1.1801838694 
8.7 1.052891265 
8.9 0.8760577076 
9.1 0.8390349589 
9.3 0.8883114003 
9.5 0.8770821578 
9.7 0.9675506643 
9.9 1.2896421696 
