m	U	D	P	R/R0	R	E-E0	Rem	Ref
1.000	0.000	9.231	0.000	1.000	2.3400	0.000	1
1.000	1.465	12.037	41.264	1.139	2.6643	1.073	1
1.000	1.504	11.453	40.307	1.151	2.6937	1.131	1
1.000	2.160	11.342	57.327	1.235	2.8905	2.333	1
1.000	2.340	10.805	59.164	1.276	2.9869	2.738	1
1.000	2.677	11.387	71.330	1.307	3.0592	3.583	1
1.000	2.858	11.591	77.517	1.327	3.1058	4.084	1
1.000	3.124	11.514	84.169	1.372	3.2113	4.880	1
1.000	3.177	11.577	86.066	1.378	3.2250	5.047	1
1.000	3.482	11.557	94.165	1.431	3.3490	6.062	1
1.000	3.563	11.739	97.873	1.436	3.3597	6.347	1
1.000	3.749	12.079	105.965	1.450	3.3931	7.028	1
1.000	3.770	12.051	106.312	1.455	3.4053	7.106	1
1.000	3.942	12.200	112.536	1.477	3.4570	7.770	1	