	Step	Temp	Press	Volume	Density	PotEng	Enthalpy	
	0	300	2612.8348	213990.74	2.8265846	-45733.124	-44860.682	
	100	155.10512	8532.0419	213990.74	2.8265846	-45462.941	-44052.74	
	200	84.735071	11347.718	213990.74	2.8265846	-45311.853	-43648.37	
	300	181.78784	8768.9316	213990.74	2.8265846	-45430.963	-43942.564	
	400	176.71757	11181.792	213990.74	2.8265846	-45357.188	-43555.368	
	500	243.34766	10507.196	213990.74	2.8265846	-45401.547	-43573.567	
	600	258.24208	11758.343	213990.74	2.8265846	-45352.745	-43331.669	
	700	222.02863	15147.904	213990.74	2.8265846	-45214.707	-42804.101	
	800	307.17165	13753.433	213990.74	2.8265846	-45282.964	-42910.042	
	900	288.10096	16059.435	213990.74	2.8265846	-45189.276	-42541.635	
	1000	300.79699	17541.619	213990.74	2.8265846	-45137.671	-42269.912	
	1100	353.26519	16758.257	213990.74	2.8265846	-45177.022	-42322.341	
	1200	312.63479	18295.448	213990.74	2.8265846	-45110.638	-42121.54	
	1300	354.55895	17430.964	213990.74	2.8265846	-45155.972	-42209.185	
	1400	337.69157	17461.324	213990.74	2.8265846	-45145.765	-42224.354	
	1500	314.21486	18158.52	213990.74	2.8265846	-45113.689	-42140.123	
	1600	363.83821	17451.866	213990.74	2.8265846	-45156.551	-42190.781	
	1700	343.17703	18019.107	213990.74	2.8265846	-45129.226	-42123.745	
	1800	337.27666	18059.214	213990.74	2.8265846	-45124.286	-42123.743	
	1900	354.82871	18050.612	213990.74	2.8265846	-45129.729	-42099.709	
	2000	355.72835	18503.314	213990.74	2.8265846	-45113.866	-42021.812	
	2100	358.73074	18555.725	213990.74	2.8265846	-45110.018	-42005.726	
	2200	353.0001	18910.75	213990.74	2.8265846	-45093.913	-41952.202	
	2300	366.16589	18958.832	213990.74	2.8265846	-45096.445	-41925.339	
	2400	369.38811	19105.032	213990.74	2.8265846	-45092.613	-41896.357	
	2500	364.85885	19172.411	213990.74	2.8265846	-45089.127	-41891.776	
	2600	367.45751	19069.531	213990.74	2.8265846	-45091.446	-41903.301	
	2700	368.79814	19385.251	213990.74	2.8265846	-45081.106	-41848.453	
	2800	381.22795	19498.756	213990.74	2.8265846	-45080.989	-41811.487	
	2900	381.20695	19589.978	213990.74	2.8265846	-45075.103	-41793.455	
	3000	373.41175	19831.167	213990.74	2.8265846	-45063.325	-41763.064	
	3100	384.28615	19885.867	213990.74	2.8265846	-45064.539	-41737.998	
	3200	391.20419	20081.056	213990.74	2.8265846	-45060.06	-41695.378	
	3300	389.3068	20170.491	213990.74	2.8265846	-45054.657	-41681.341	
	3400	386.28953	20303.971	213990.74	2.8265846	-45047.464	-41661.584	
	3500	393.23442	20531.405	213990.74	2.8265846	-45042.195	-41613.82	
	3600	402.21287	20690.614	213990.74	2.8265846	-45037.832	-41572.527	
	3700	400.57547	20890.756	213990.74	2.8265846	-45029.135	-41539.955	
	3800	400.24828	20954.102	213990.74	2.8265846	-45025.965	-41528.896	
	3900	404.6794	21031.036	213990.74	2.8265846	-45024.045	-41508.969	
	4000	411.30273	21091.331	213990.74	2.8265846	-45024.801	-41490.115	
	4100	407.39024	21276.56	213990.74	2.8265846	-45015.003	-41462.404	
	4200	408.93256	21542.023	213990.74	2.8265846	-45005.005	-41414.259	
	4300	421.49765	21689.111	213990.74	2.8265846	-45003.881	-41371.564	
	4400	419.76635	21981.67	213990.74	2.8265846	-44992.001	-41323.63	
	4500	420.08317	22070.403	213990.74	2.8265846	-44988.298	-41307.524	
	4600	426.45815	22032.633	213990.74	2.8265846	-44992.141	-41305.287	
	4700	426.42081	22072.181	213990.74	2.8265846	-44990.235	-41298.165	
	4800	428.07971	22081.036	213990.74	2.8265846	-44990.243	-41294.095	
	4900	430.63136	22211.95	213990.74	2.8265846	-44986.916	-41268.831	
	5000	432.17962	22533.524	213990.74	2.8265846	-44975.301	-41211.564	
	5100	442.81862	22671.689	213990.74	2.8265846	-44973.924	-41173.169	
	5200	443.39309	22776.111	213990.74	2.8265846	-44969.458	-41153.754	
	5300	439.60253	22774.526	213990.74	2.8265846	-44966.959	-41158.081	
	5400	438.47342	22956.5	213990.74	2.8265846	-44957.402	-41126.189	
	5500	448.99194	23273.803	213990.74	2.8265846	-44948.217	-41056.271	
	5600	457.00149	23619.364	213990.74	2.8265846	-44938.392	-40986.316	
	5700	456.7429	23753.467	213990.74	2.8265846	-44932.61	-40963.074	
	5800	453.26775	23774.32	213990.74	2.8265846	-44930.09	-40963.832	
	5900	456.4235	23801.427	213990.74	2.8265846	-44929.696	-40954.311	
	6000	465.98566	23796.63	213990.74	2.8265846	-44932.765	-40941.337	
	6100	464.20499	23942.3	213990.74	2.8265846	-44925.711	-40917.934	
	6200	461.87057	24179.817	213990.74	2.8265846	-44916.279	-40880.852	
	6300	469.90762	24448.368	213990.74	2.8265846	-44909.249	-40823.929	
	6400	482.62637	24430.013	213990.74	2.8265846	-44913.051	-40807.99	
	6500	470.23013	24645.723	213990.74	2.8265846	-44898.902	-40786.66	
	6600	471.23408	24728.152	213990.74	2.8265846	-44894.477	-40769.474	
	6700	487.56073	24768.62	213990.74	2.8265846	-44899.199	-40740.304	
	6800	482.00577	25197.202	213990.74	2.8265846	-44881.428	-40674.982	
	6900	487.89275	25189.022	213990.74	2.8265846	-44883.052	-40667.427	
	7000	489.37246	25244.313	213990.74	2.8265846	-44880.246	-40654.654	
	7100	488.23498	25432.258	213990.74	2.8265846	-44873.298	-40624.588	
	7200	495.27446	25522.089	213990.74	2.8265846	-44871.679	-40598.688	
	7300	497.5033	25758.074	213990.74	2.8265846	-44862.829	-40554.431	
	7400	501.70064	25864.767	213990.74	2.8265846	-44859.552	-40529.58	
	7500	505.69175	25799.744	213990.74	2.8265846	-44862.7	-40534.448	
	7600	498.29813	25983.754	213990.74	2.8265846	-44852.628	-40512.7	
	7700	505.35734	26105.433	213990.74	2.8265846	-44849.605	-40481.108	
	7800	512.94655	26396.898	213990.74	2.8265846	-44839.471	-40418.803	
	7900	517.44593	26631.538	213990.74	2.8265846	-44832.176	-40372.318	
	8000	516.19793	26743.62	213990.74	2.8265846	-44827.738	-40355.088	
	8100	513.2105	26899.444	213990.74	2.8265846	-44819.873	-40331.623	
	8200	523.29336	26949.487	213990.74	2.8265846	-44821.005	-40308.478	
	8300	524.50934	27222.334	213990.74	2.8265846	-44810.076	-40258.985	
	8400	528.77974	27325.693	213990.74	2.8265846	-44806.894	-40234.547	
	8500	529.67731	27405.846	213990.74	2.8265846	-44803.927	-40219.308	
	8600	524.63778	27721.562	213990.74	2.8265846	-44788.532	-40170.539	
	8700	542.13634	27717.807	213990.74	2.8265846	-44795.652	-40147.627	
	8800	538.7778	27983.835	213990.74	2.8265846	-44784.075	-40106.38	
	8900	539.46697	27925.937	213990.74	2.8265846	-44786.49	-40115.325	
	9000	541.318	27909.603	213990.74	2.8265846	-44787.768	-40115.554	
	9100	542.60741	28062.098	213990.74	2.8265846	-44781.816	-40086.985	
	9200	549.44209	28224.39	213990.74	2.8265846	-44776.919	-40048.487	
	9300	548.67987	28628.425	213990.74	2.8265846	-44760.378	-39979.311	
	9400	554.49429	28925.174	213990.74	2.8265846	-44749.338	-39918.491	
	9500	565.20286	28985.438	213990.74	2.8265846	-44752.937	-39895.356	
	9600	555.49751	29138.92	213990.74	2.8265846	-44743.436	-39882.29	
	9700	561.24803	28871.943	213990.74	2.8265846	-44754.501	-39918.98	
	9800	564.32675	28902.352	213990.74	2.8265846	-44756.863	-39911.908	
	9900	564.44706	29012.269	213990.74	2.8265846	-44751.906	-39892.061	
	10000	569.3398	29114.638	213990.74	2.8265846	-44747.843	-39865.787	
	10100	564.89131	29732.256	213990.74	2.8265846	-44720.928	-39764.144	
	10200	579.1915	30071.804	213990.74	2.8265846	-44711.35	-39684.262	
	10300	588.1061	30275.692	213990.74	2.8265846	-44708.582	-39638.708	
	10400	583.59786	30135.987	213990.74	2.8265846	-44712.93	-39669.582	
	10500	579.41902	29703.678	213990.74	2.8265846	-44727.565	-39749.249	
	10600	574.53309	29742.824	213990.74	2.8265846	-44724.507	-39749.488	
	10700	586.28829	29997.863	213990.74	2.8265846	-44717.29	-39687.696	
	10800	595.21346	30474.696	213990.74	2.8265846	-44701.105	-39592.25	
	10900	598.30829	30767.336	213990.74	2.8265846	-44689.218	-39535.877	
	11000	594.29751	31005.306	213990.74	2.8265846	-44676.255	-39498.128	
	11100	597.28426	31225.507	213990.74	2.8265846	-44668.895	-39456.147	
	11200	607.02062	31360.047	213990.74	2.8265846	-44667.637	-39419.93	
	11300	609.30116	31412.639	213990.74	2.8265846	-44667.263	-39408.553	
	11400	604.99657	31359.356	213990.74	2.8265846	-44667.783	-39423.7	
	11500	607.3285	31271.39	213990.74	2.8265846	-44672.442	-39436.039	
	11600	612.25116	31350.475	213990.74	2.8265846	-44671.093	-39415.538	
	11700	615.69529	31558.871	213990.74	2.8265846	-44663.702	-39374.303	
	11800	616.96423	31902.665	213990.74	2.8265846	-44650.603	-39313.072	
	11900	626.44797	31981.158	213990.74	2.8265846	-44650.318	-39285.755	
	12000	624.03999	32101.202	213990.74	2.8265846	-44643.438	-39267.044	
	12100	622.53952	32233.872	213990.74	2.8265846	-44638.272	-39246.776	
	12200	629.79351	32337.101	213990.74	2.8265846	-44636.879	-39218.938	
	12300	634.11696	32504.121	213990.74	2.8265846	-44630.969	-39183.177	
	12400	632.34731	32766.658	213990.74	2.8265846	-44619.027	-39139.258	
	12500	634.66685	33026.323	213990.74	2.8265846	-44607.285	-39088.787	
	12600	642.4844	33327.576	213990.74	2.8265846	-44599.047	-39026.672	
	12700	649.15661	33417.979	213990.74	2.8265846	-44597.75	-39001.658	
	12800	645.86901	33375.26	213990.74	2.8265846	-44597.203	-39012.553	
	12900	642.32862	33369.764	213990.74	2.8265846	-44597.633	-39019.895	
	13000	649.31391	33367.626	213990.74	2.8265846	-44598.969	-39009.328	
	13100	655.81341	33547.549	213990.74	2.8265846	-44594.071	-38969.059	
	13200	656.75614	33804.272	213990.74	2.8265846	-44584.83	-38923.883	
	13300	660.26422	33862.348	213990.74	2.8265846	-44582.382	-38907.558	
	13400	656.14567	34163.258	213990.74	2.8265846	-44566.946	-38859.118	
	13500	667.96246	34252.97	213990.74	2.8265846	-44566.918	-38826.489	
	13600	668.55603	34508.387	213990.74	2.8265846	-44557.339	-38781.759	
	13700	664.85283	34835.698	213990.74	2.8265846	-44543.137	-38730.303	
	13800	682.42816	34575.322	213990.74	2.8265846	-44557.427	-38748.702	
	13900	672.71694	34712.304	213990.74	2.8265846	-44548.827	-38738.752	
	14000	670.63649	34721.981	213990.74	2.8265846	-44546.951	-38739.213	
	14100	681.78627	34739.781	213990.74	2.8265846	-44548.76	-38719.19	
	14200	678.27804	35369.536	213990.74	2.8265846	-44524.126	-38616.566	
	14300	688.8566	35560.519	213990.74	2.8265846	-44517.657	-38566.131	
	14400	690.71627	35790.801	213990.74	2.8265846	-44508.009	-38522.48	
	14500	690.41959	36026.523	213990.74	2.8265846	-44500.239	-38483.745	
	14600	697.41511	36008.569	213990.74	2.8265846	-44503.402	-38477.099	
	14700	699.19908	35929.887	213990.74	2.8265846	-44506.725	-38487.818	
	14800	697.25819	35814.21	213990.74	2.8265846	-44510.902	-38510.832	
	14900	699.3676	35718.788	213990.74	2.8265846	-44515.63	-38524.625	
	15000	701.44045	35968.082	213990.74	2.8265846	-44509.124	-38481.205	
	15100	706.86447	36241.709	213990.74	2.8265846	-44499.282	-38425.352	
	15200	714.05459	36213.783	213990.74	2.8265846	-44500.953	-38418.207	
	15300	704.13525	36623.444	213990.74	2.8265846	-44480.029	-38359.876	
	15400	710.86308	36963.037	213990.74	2.8265846	-44467.215	-38289.966	
	15500	720.28404	36973.75	213990.74	2.8265846	-44470.524	-38275.405	
	15600	722.07403	37027.614	213990.74	2.8265846	-44469.525	-38264.089	
	15700	721.32214	37126.496	213990.74	2.8265846	-44466.518	-38249.187	
	15800	728.73101	37233.093	213990.74	2.8265846	-44465.235	-38220.738	
	15900	731.09944	37494.799	213990.74	2.8265846	-44453.603	-38170.02	
	16000	734.21101	37527.295	213990.74	2.8265846	-44452.816	-38159.464	
	16100	730.72746	37701.753	213990.74	2.8265846	-44444.794	-38134.219	
	16200	744.68088	37853.983	213990.74	2.8265846	-44442.936	-38087.682	
	16300	739.91988	38069.263	213990.74	2.8265846	-44432.702	-38057.002	
	16400	735.98491	38267.178	213990.74	2.8265846	-44423.702	-38028.433	
	16500	754.09877	38161.593	213990.74	2.8265846	-44435.409	-38022.636	
	16600	750.74481	38096.719	213990.74	2.8265846	-44436.101	-38037.845	
	16700	737.07991	38432.926	213990.74	2.8265846	-44416.244	-37996.927	
	16800	740.96395	38778.018	213990.74	2.8265846	-44401.341	-37929.156	
	16900	759.88982	38668.449	213990.74	2.8265846	-44414.556	-37923.982	
	17000	760.73458	38827.819	213990.74	2.8265846	-44411.208	-37897.874	
	17100	759.95883	38732.725	213990.74	2.8265846	-44411.468	-37912.188	
	17200	758.32751	38925.427	213990.74	2.8265846	-44402.505	-37880.334	
	17300	763.98048	39381.497	213990.74	2.8265846	-44386.779	-37793.83	
	17400	770.17687	39411.971	213990.74	2.8265846	-44386.043	-37778.212	
	17500	763.53502	39921.592	213990.74	2.8265846	-44362.654	-37698.346	
	17600	775.40544	40044.512	213990.74	2.8265846	-44361.255	-37659.817	
	17700	777.48722	40121.826	213990.74	2.8265846	-44357.855	-37642.459	
	17800	776.03335	40472.789	213990.74	2.8265846	-44344.783	-37585.048	
	17900	793.6809	40291.19	213990.74	2.8265846	-44358.387	-37592.114	
	18000	784.83578	40331.676	213990.74	2.8265846	-44352.668	-37596.421	
	18100	785.37743	40330.442	213990.74	2.8265846	-44354.475	-37597.448	
	18200	792.18316	40324.741	213990.74	2.8265846	-44359.805	-37591.664	
	18300	792.33176	40461.928	213990.74	2.8265846	-44353.993	-37567.27	
	18400	804.17257	40612.476	213990.74	2.8265846	-44348.883	-37521.392	
	18500	799.4519	41091.893	213990.74	2.8265846	-44327.556	-37444.269	
	18600	797.1329	41257.374	213990.74	2.8265846	-44318.359	-37417.016	
	18700	802.56209	41387.076	213990.74	2.8265846	-44313.391	-37385.252	
	18800	800.28759	41835.808	213990.74	2.8265846	-44296.255	-37312.151	
	18900	813.911	41631.269	213990.74	2.8265846	-44307.57	-37327.013	
	19000	811.84752	41612.47	213990.74	2.8265846	-44305.214	-37330.769	
	19100	810.47148	41766.769	213990.74	2.8265846	-44301.237	-37308.585	
	19200	825.50425	41899.94	213990.74	2.8265846	-44301.591	-37264.921	
	19300	822.64443	42054.505	213990.74	2.8265846	-44294.495	-37242.171	
	19400	818.41089	42139.492	213990.74	2.8265846	-44287.832	-37231.544	
	19500	830.39777	41994.451	213990.74	2.8265846	-44296.896	-37239.065	
	19600	830.16341	42410.408	213990.74	2.8265846	-44280.079	-37167.1	
	19700	834.31524	42963.922	213990.74	2.8265846	-44259.147	-37064.995	
	19800	828.77468	43403.823	213990.74	2.8265846	-44239.051	-36995.812	
	19900	847.4794	43149.488	213990.74	2.8265846	-44254.983	-37013.077	
	20000	841.95103	43011.496	213990.74	2.8265846	-44258.226	-37044.396	
	20100	834.44509	43047.195	213990.74	2.8265846	-44253.021	-37047.52	
	20200	842.51255	43067.349	213990.74	2.8265846	-44255.17	-37032.901	
	20300	844.3886	43292.258	213990.74	2.8265846	-44246.462	-36990.88	
	20400	851.39834	43377.292	213990.74	2.8265846	-44246.294	-36967.123	
	20500	846.54924	43764.65	213990.74	2.8265846	-44229.652	-36907.206	
	20600	856.17135	43733.857	213990.74	2.8265846	-44231.115	-36895.992	
	20700	856.49107	43796.028	213990.74	2.8265846	-44229.353	-36885.368	
	20800	855.09758	44175.199	213990.74	2.8265846	-44215.881	-36823.685	
	20900	866.04877	44213.336	213990.74	2.8265846	-44215.762	-36799.363	
	21000	862.49593	44462.233	213990.74	2.8265846	-44204.864	-36761.422	
	21100	867.73356	44626.91	213990.74	2.8265846	-44197.71	-36723.134	
	21200	878.71097	44509.699	213990.74	2.8265846	-44208.076	-36730	
	21300	866.31525	44861.119	213990.74	2.8265846	-44189.503	-36686.12	
	21400	878.34659	44736.311	213990.74	2.8265846	-44196.325	-36688.619	
	21500	871.20455	45276.068	213990.74	2.8265846	-44173.626	-36606.29	
	21600	881.92458	45299.058	213990.74	2.8265846	-44175.718	-36586.606	
	21700	888.1152	45170.616	213990.74	2.8265846	-44181.377	-36598.618	
	21800	879.09778	45654.73	213990.74	2.8265846	-44162.035	-36530.351	
	21900	896.37804	45698.004	213990.74	2.8265846	-44165.435	-36497.82	
	22000	896.61741	45670.953	213990.74	2.8265846	-44165.507	-36501.087	
	22100	888.18422	45845.477	213990.74	2.8265846	-44154.175	-36481.16	
	22200	899.70449	46026.378	213990.74	2.8265846	-44151.685	-36434.407	
	22300	905.84844	46137.462	213990.74	2.8265846	-44149.915	-36407.08	
	22400	899.3158	46304.336	213990.74	2.8265846	-44139.986	-36386.261	
	22500	904.93161	46496.88	213990.74	2.8265846	-44135.504	-36346.264	
	22600	913.67579	46629.841	213990.74	2.8265846	-44132.758	-36310.502	
	22700	906.72309	46903.455	213990.74	2.8265846	-44116.627	-36269.958	
	22800	917.32394	46774.768	213990.74	2.8265846	-44125.085	-36277.106	
	22900	918.98506	46793.641	213990.74	2.8265846	-44126.286	-36272.888	
	23000	915.34191	46959.238	213990.74	2.8265846	-44117.43	-36248.271	
	23100	935.91722	47112.81	213990.74	2.8265846	-44118.532	-36192.961	
	23200	922.34579	47597.951	213990.74	2.8265846	-44094.536	-36127.848	
	23300	916.25994	48057.827	213990.74	2.8265846	-44071.575	-36054.084	
	23400	938.40237	47902.574	213990.74	2.8265846	-44086.951	-36051.56	
	23500	938.36786	47757.648	213990.74	2.8265846	-44095.029	-36079.055	
	23600	932.72707	47414.556	213990.74	2.8265846	-44103.443	-36143.136	
	23700	935.01192	47303.687	213990.74	2.8265846	-44109.501	-36160.014	
	23800	936.85951	47931.229	213990.74	2.8265846	-44085.904	-36049.378	
	23900	943.26452	48267.05	213990.74	2.8265846	-44075.356	-35982.801	
	24000	943.56473	48618.181	213990.74	2.8265846	-44061.502	-35921.525	
	24100	958.15162	48533.567	213990.74	2.8265846	-44067.883	-35913.755	
	24200	951.21926	48622.415	213990.74	2.8265846	-44059.041	-35905.143	
	24300	942.89417	48976.353	213990.74	2.8265846	-44040.595	-35853.95	
	24400	959.76285	49230.625	213990.74	2.8265846	-44035.024	-35784.984	
	24500	962.41825	49351.223	213990.74	2.8265846	-44030.838	-35760.057	
	24600	959.19957	49688.734	213990.74	2.8265846	-44017.252	-35707.008	
	24700	973.57675	49756.446	213990.74	2.8265846	-44018.679	-35674.305	
	24800	976.81757	49658.079	213990.74	2.8265846	-44023.743	-35686.852	
	24900	963.64428	49825.796	213990.74	2.8265846	-44013.677	-35677.372	
	25000	974.12127	49679.834	213990.74	2.8265846	-44023.873	-35688.782	
	25100	976.58829	49683.243	213990.74	2.8265846	-44024.357	-35684.506	
	25200	972.06481	50010.721	213990.74	2.8265846	-44007.989	-35632.292	
	25300	981.90364	50208.387	213990.74	2.8265846	-44002.318	-35583.052	
	25400	978.62365	50669.985	213990.74	2.8265846	-43984.409	-35509.215	
	25500	992.54826	50558.046	213990.74	2.8265846	-43993.322	-35508.782	
	25600	983.98438	50976.296	213990.74	2.8265846	-43972.152	-35446.692	
	25700	1002.0134	51021.88	213990.74	2.8265846	-43977.25	-35414.243	
	25800	1006.3498	50860.769	213990.74	2.8265846	-43983.475	-35434.42	
	25900	991.31368	51110.911	213990.74	2.8265846	-43967.345	-35411.117	
	26000	1004.9398	50882.604	213990.74	2.8265846	-43980.336	-35430.825	
	26100	1000.1364	51237.382	213990.74	2.8265846	-43962.887	-35374.372	
	26200	1012.5061	51666.819	213990.74	2.8265846	-43953.008	-35285.553	
	26300	1010.3432	51983.887	213990.74	2.8265846	-43937.723	-35231.693	
	26400	1010.0165	52116.312	213990.74	2.8265846	-43932.85	-35209.704	
	26500	1021.1039	52103.167	213990.74	2.8265846	-43939.486	-35198.748	
	26600	1022.5689	52134.376	213990.74	2.8265846	-43937.024	-35189.562	
	26700	1014.314	52155.446	213990.74	2.8265846	-43930.84	-35194.968	
	26800	1020.4015	52080.429	213990.74	2.8265846	-43937.397	-35200.922	
	26900	1029.628	52293.464	213990.74	2.8265846	-43933.298	-35152.27	
	27000	1025.4263	52806.777	213990.74	2.8265846	-43909.332	-35067.077	
	27100	1036.9035	52939.251	213990.74	2.8265846	-43907.038	-35027.063	
	27200	1028.8844	53302.668	213990.74	2.8265846	-43887.294	-34972.772	
	27300	1045.9534	52821.401	213990.74	2.8265846	-43913.726	-35033.701	
	27400	1025.839	53329.756	213990.74	2.8265846	-43886.551	-34973.725	
	27500	1043.8421	53290.459	213990.74	2.8265846	-43894.728	-34955.738	
	27600	1043.1108	53562.78	213990.74	2.8265846	-43882.24	-34908.153	
	27700	1041.0343	53862.454	213990.74	2.8265846	-43868.676	-34858.188	
	27800	1061.2394	53531.5	213990.74	2.8265846	-43887.611	-34886.07	
	27900	1050.6548	53590.487	213990.74	2.8265846	-43881.007	-34890.057	
	28000	1047.5265	53687.446	213990.74	2.8265846	-43874.223	-34875.781	
	28100	1054.6403	53752.327	213990.74	2.8265846	-43875.47	-34855.95	
	28200	1054.6272	54171.076	213990.74	2.8265846	-43858.154	-34782.728	
	28300	1066.552	54252.203	213990.74	2.8265846	-43858.652	-34751.582	
	28400	1066.0251	54361.426	213990.74	2.8265846	-43853.655	-34732.916	
	28500	1068.0819	54372.738	213990.74	2.8265846	-43852.566	-34726.728	
	28600	1079.9195	54609.898	213990.74	2.8265846	-43848.683	-34670.514	
	28700	1067.5344	55700.13	213990.74	2.8265846	-43797.722	-34495.55	
	28800	1082.7884	55696.505	213990.74	2.8265846	-43803.209	-34474.904	
	28900	1083.517	55586.624	213990.74	2.8265846	-43808.793	-34493.893	
	29000	1078.432	55525.953	213990.74	2.8265846	-43812.267	-34514.343	
	29100	1084.7198	55305.131	213990.74	2.8265846	-43822.862	-34543.46	
	29200	1089.3308	55596.681	213990.74	2.8265846	-43810.858	-34484.47	
	29300	1095.753	55945.664	213990.74	2.8265846	-43797.734	-34413.529	
	29400	1096.3439	56124.41	213990.74	2.8265846	-43792.916	-34383.806	
	29500	1089.7362	56293.616	213990.74	2.8265846	-43780.82	-34360.64	
	29600	1105.8329	56414.515	213990.74	2.8265846	-43780.113	-34315.699	
	29700	1110.7682	56571.52	213990.74	2.8265846	-43775.188	-34281.193	
	29800	1099.3864	56590.498	213990.74	2.8265846	-43771.325	-34294.655	
	29900	1099.0711	56243.18	213990.74	2.8265846	-43787.288	-34357.557	
	30000	1097.0093	56338.934	213990.74	2.8265846	-43781.824	-34342.901	
	30100	1113.7373	56648.279	213990.74	2.8265846	-43772.674	-34263.245	
	30200	1115.3796	56892.246	213990.74	2.8265846	-43760.807	-34215.929	
	30300	1115.9756	57249.722	213990.74	2.8265846	-43748.591	-34154.927	
	30400	1125.9637	57476.18	213990.74	2.8265846	-43745.38	-34104.042	
	30500	1121.2227	57905.925	213990.74	2.8265846	-43724.475	-34034.012	
	30600	1139.4867	57940.742	213990.74	2.8265846	-43726.348	-33999.365	
	30700	1134.4926	58238.409	213990.74	2.8265846	-43712.088	-33954.063	
	30800	1121.274	57893.237	213990.74	2.8265846	-43724.696	-34035.837	
	30900	1129.7367	57398.267	213990.74	2.8265846	-43750.654	-34113.139	
	31000	1129.8574	57707.257	213990.74	2.8265846	-43737.18	-34058.185	
	31100	1150.089	57681.203	213990.74	2.8265846	-43743.525	-34032.707	
	31200	1137.45	57908.556	213990.74	2.8265846	-43728.759	-34009.629	
	31300	1139.4963	58016.236	213990.74	2.8265846	-43722.149	-33985.067	
	31400	1143.6445	58300.803	213990.74	2.8265846	-43708.098	-33925.77	
	31500	1145.678	58625.966	213990.74	2.8265846	-43696.871	-33867.565	
	31600	1155.2232	58666.63	213990.74	2.8265846	-43701.766	-33850.374	
	31700	1150.8783	58956.463	213990.74	2.8265846	-43687.412	-33804.89	
	31800	1167.2791	59033.517	213990.74	2.8265846	-43691.514	-33770.083	
	31900	1168.1017	59585.905	213990.74	2.8265846	-43667.565	-33670.92	
	32000	1176.2088	60043.07	213990.74	2.8265846	-43647.379	-33575.528	
	32100	1178.2205	60230.835	213990.74	2.8265846	-43641.611	-33541.172	
	32200	1155.432	60528.604	213990.74	2.8265846	-43623.185	-33522.738	
	32300	1179.5179	59993.856	213990.74	2.8265846	-43652.834	-33581.783	
	32400	1192.0082	60613.56	213990.74	2.8265846	-43630.032	-33454.417	
	32500	1184.0807	60655.317	213990.74	2.8265846	-43621.703	-33454.343	
	32600	1181.1383	60311.197	213990.74	2.8265846	-43637.519	-33521.255	
	32700	1180.3041	60219.458	213990.74	2.8265846	-43644.514	-33541.959	
	32800	1182.4591	60236.075	213990.74	2.8265846	-43646.972	-33538.437	
	32900	1183.57	60364.782	213990.74	2.8265846	-43638.73	-33511.067	
	33000	1186.4797	60621.88	213990.74	2.8265846	-43630.531	-33463.451	
	33100	1193.4476	60599.345	213990.74	2.8265846	-43633.069	-33456.841	
	33200	1188.0139	60993.853	213990.74	2.8265846	-43614.22	-33394.782	
	33300	1194.7377	61503.414	213990.74	2.8265846	-43594.971	-33295.743	
	33400	1201.1692	61655.801	213990.74	2.8265846	-43589.166	-33258.362	
	33500	1200.6626	61874.41	213990.74	2.8265846	-43581.007	-33221.889	
	33600	1209.6961	62011.747	213990.74	2.8265846	-43575.524	-33182.3	
	33700	1220.7259	62000.767	213990.74	2.8265846	-43579.768	-33168.765	
	33800	1207.627	61906.758	213990.74	2.8265846	-43579.001	-33203.411	
	33900	1194.6407	61448.94	213990.74	2.8265846	-43593.83	-33302.047	
	34000	1204.564	61616.155	213990.74	2.8265846	-43588.676	-33257.244	
	34100	1216.0436	61830.212	213990.74	2.8265846	-43583.574	-33203.522	
	34200	1216.6218	62422.419	213990.74	2.8265846	-43561.578	-33101.42	
	34300	1230.0672	62755.902	213990.74	2.8265846	-43553.911	-33025.751	
	34400	1231.7334	62950.393	213990.74	2.8265846	-43543.285	-32986.241	
	34500	1228.9376	63111.251	213990.74	2.8265846	-43529.792	-32956.142	
	34600	1250.1325	62868.866	213990.74	2.8265846	-43550.869	-32972.61	
	34700	1220.7271	63341.838	213990.74	2.8265846	-43518.789	-32928.667	
	34800	1231.3749	63203.994	213990.74	2.8265846	-43530.898	-32940.608	
	34900	1244.8611	63669.917	213990.74	2.8265846	-43518.624	-32842.572	
	35000	1245.455	63841.638	213990.74	2.8265846	-43509.853	-32809.83	
	35100	1241.9223	64040.245	213990.74	2.8265846	-43495.973	-32775.588	
	35200	1257.2086	64363.177	213990.74	2.8265846	-43490.267	-32700.077	
	35300	1267.5585	64392	213990.74	2.8265846	-43492.372	-32680.272	
	35400	1262.8562	63988.575	213990.74	2.8265846	-43503.025	-32753.014	
	35500	1251.1421	63986.184	213990.74	2.8265846	-43498.585	-32769.333	
	35600	1253.3492	64160.298	213990.74	2.8265846	-43492.785	-32736.426	
	35700	1262.473	64674.753	213990.74	2.8265846	-43473.531	-32632.54	
	35800	1268.8573	64846.01	213990.74	2.8265846	-43473.496	-32598.492	
	35900	1272.0925	64667.629	213990.74	2.8265846	-43481.629	-32624.805	
	36000	1265.0068	64598.903	213990.74	2.8265846	-43480.614	-32645.333	
	36100	1267.8873	64427.123	213990.74	2.8265846	-43488.981	-32671.617	
	36200	1270.4572	64999.155	213990.74	2.8265846	-43464.643	-32566.393	
	36300	1281.0054	65465.971	213990.74	2.8265846	-43450.28	-32471.275	
	36400	1282.3848	65791.563	213990.74	2.8265846	-43436.314	-32411.416	
	36500	1295.6632	65583.835	213990.74	2.8265846	-43449.594	-32429.271	
	36600	1276.2042	65634.695	213990.74	2.8265846	-43439.683	-32446.521	
	36700	1274.3817	65466.531	213990.74	2.8265846	-43449.813	-32482.291	
	36800	1299.4437	65756.29	213990.74	2.8265846	-43448.743	-32398.79	
	36900	1294.8043	66159.855	213990.74	2.8265846	-43429.368	-32333.609	
	37000	1294.9148	66322.996	213990.74	2.8265846	-43419.706	-32301.965	
	37100	1298.5357	66832.743	213990.74	2.8265846	-43396.373	-32204.23	
	37200	1312.0582	66971.536	213990.74	2.8265846	-43395.667	-32161.391	
	37300	1311.7896	66789.552	213990.74	2.8265846	-43402.027	-32192.527	
	37400	1307.8499	66606.127	213990.74	2.8265846	-43412.287	-32234.16	
	37500	1300.1232	66653.218	213990.74	2.8265846	-43406.05	-32235.116	
	37600	1318.0967	67148.104	213990.74	2.8265846	-43391.821	-32123.427	
	37700	1313.571	67830.653	213990.74	2.8265846	-43363.408	-32011.747	
	37800	1330.0203	67481.457	213990.74	2.8265846	-43381.387	-32047.664	
	37900	1322.2564	67426.184	213990.74	2.8265846	-43383.71	-32070.916	
	38000	1312.9537	67266.164	213990.74	2.8265846	-43386.85	-32111.661	
	38100	1328.3189	67283.447	213990.74	2.8265846	-43390.551	-32086.243	
	38200	1327.7271	68138.88	213990.74	2.8265846	-43348.347	-31930.818	
	38300	1329.7463	68464.163	213990.74	2.8265846	-43335.612	-31871.115	
	38400	1346.8478	68266.087	213990.74	2.8265846	-43351.72	-31883.838	
	38500	1330.6642	68675.987	213990.74	2.8265846	-43331.104	-31836.712	
	38600	1343.151	68594.926	213990.74	2.8265846	-43345.351	-31839.999	
	38700	1353.7872	68825.375	213990.74	2.8265846	-43339.143	-31784.452	
	38800	1349.8588	69002.758	213990.74	2.8265846	-43325.167	-31753.639	
	38900	1351.7617	68745.563	213990.74	2.8265846	-43331.196	-31790.699	
	39000	1348.0341	68663.299	213990.74	2.8265846	-43341.972	-31818.967	
	39100	1337.691	68860.816	213990.74	2.8265846	-43330.92	-31799.582	
	39200	1363.2192	68806.227	213990.74	2.8265846	-43338.433	-31769.842	
	39300	1355.4883	69268.88	213990.74	2.8265846	-43312.899	-31696.004	
	39400	1352.8062	69778.468	213990.74	2.8265846	-43286.6	-31606.323	
	39500	1362.4939	70171.937	213990.74	2.8265846	-43274.146	-31524.413	
	39600	1373.4701	70024.031	213990.74	2.8265846	-43283.001	-31533.871	
	39700	1367.4286	70253.95	213990.74	2.8265846	-43271.981	-31502.684	
	39800	1375.464	70472.683	213990.74	2.8265846	-43268.792	-31456.259	
	39900	1397.8175	70469.535	213990.74	2.8265846	-43276.363	-31425.247	
	40000	1372.5176	70806.394	213990.74	2.8265846	-43252.482	-31400.519	
	40100	1380.8094	69920.86	213990.74	2.8265846	-43295.238	-31547.081	
	40200	1366.8452	69699.611	213990.74	2.8265846	-43295.853	-31601.613	
	40300	1360.5879	69660.233	213990.74	2.8265846	-43297.738	-31619.675	
	40400	1379.3837	70126.589	213990.74	2.8265846	-43278.169	-31505.022	
	40500	1390.4449	70614.422	213990.74	2.8265846	-43260.075	-31402.472	
	40600	1392.8506	71305.435	213990.74	2.8265846	-43234.868	-31280.773	
	40700	1399.5846	71787.35	213990.74	2.8265846	-43217.896	-31187.685	
	40800	1406.7383	71986.627	213990.74	2.8265846	-43210.527	-31141.218	
	40900	1401.9869	72236.66	213990.74	2.8265846	-43198.608	-31104.195	
	41000	1404.7157	72512.149	213990.74	2.8265846	-43186.846	-31050.876	
	41100	1425.7391	72654.175	213990.74	2.8265846	-43186.024	-30994.402	
	41200	1422.1571	72394.307	213990.74	2.8265846	-43196.598	-31045.934	
	41300	1392.2445	72654.461	213990.74	2.8265846	-43170.647	-31037.431	
	41400	1416.5535	72603.923	213990.74	2.8265846	-43185.682	-31016.799	
	41500	1425.4336	72600.224	213990.74	2.8265846	-43190.366	-31006.482	
	41600	1426.8241	72278.505	213990.74	2.8265846	-43205.154	-31061.813	
	41700	1402.4918	72581.858	213990.74	2.8265846	-43182.285	-31040.885	
	41800	1431.6298	72870.416	213990.74	2.8265846	-43181.409	-30950.626	
	41900	1429.3778	73297.477	213990.74	2.8265846	-43161.368	-30877.475	
	42000	1433.9686	73373.61	213990.74	2.8265846	-43159.393	-30857.321	
	42100	1437.3176	73667.625	213990.74	2.8265846	-43148.006	-30800.821	
	42200	1450.4678	73828.309	213990.74	2.8265846	-43146.077	-30754.486	
	42300	1440.4867	74221.186	213990.74	2.8265846	-43125.745	-30699.096	
	42400	1436.9073	74327.631	213990.74	2.8265846	-43118.926	-30684.305	
	42500	1452.8706	74494.602	213990.74	2.8265846	-43116.548	-30631.772	
	42600	1458.232	74759.098	213990.74	2.8265846	-43107.639	-30578.181	
	42700	1453.1677	74702.226	213990.74	2.8265846	-43108.071	-30595.046	
	42800	1434.2409	74507.279	213990.74	2.8265846	-43104.565	-30650.603	
	42900	1452.8972	74506.261	213990.74	2.8265846	-43112.273	-30625.893	
	43000	1474.0394	74607.602	213990.74	2.8265846	-43111.978	-30575.172	
	43100	1465.3673	74518.757	213990.74	2.8265846	-43115.751	-30605.944	
	43200	1448.675	74937.193	213990.74	2.8265846	-43097.24	-30560.672	
	43300	1474.3235	74852.19	213990.74	2.8265846	-43107.772	-30537.803	
	43400	1472.5824	74906.631	213990.74	2.8265846	-43101.2	-30526.997	
	43500	1474.7117	74836.493	213990.74	2.8265846	-43108.08	-30539.53	
	43600	1473.4671	74804.266	213990.74	2.8265846	-43107.666	-30545.592	
	43700	1474.424	75217.079	213990.74	2.8265846	-43091.275	-30472.395	
	43800	1484.0981	75939.285	213990.74	2.8265846	-43064.379	-30332.159	
	43900	1489.8915	76129.419	213990.74	2.8265846	-43055.299	-30287.576	
	44000	1475.7334	76793.986	213990.74	2.8265846	-43020.665	-30188.885	
	44100	1505.3766	76969.796	213990.74	2.8265846	-43025.873	-30118.887	
	44200	1500.8915	77057.191	213990.74	2.8265846	-43023.765	-30112.932	
	44300	1490.5773	77043.071	213990.74	2.8265846	-43020.772	-30129.822	
	44400	1503.7459	76536.642	213990.74	2.8265846	-43045.053	-30198.766	
	44500	1480.6985	76791.42	213990.74	2.8265846	-43022.914	-30182.813	
	44600	1506.4517	76533.758	213990.74	2.8265846	-43041.731	-30191.107	
	44700	1508.2393	77086.361	213990.74	2.8265846	-43023.518	-30095.968	
	44800	1506.7829	77447.125	213990.74	2.8265846	-43006.172	-30032.979	
	44900	1521.498	77388.756	213990.74	2.8265846	-43009.872	-30018.799	
	45000	1513.101	77467.607	213990.74	2.8265846	-43005.83	-30018.877	
	45100	1488.7121	77603.265	213990.74	2.8265846	-42995.157	-30032.641	
	45200	1520.829	77009.791	213990.74	2.8265846	-43029.643	-30090.353	
	45300	1523.2608	77492.934	213990.74	2.8265846	-43007.686	-29999.623	
	45400	1524.8698	77906.533	213990.74	2.8265846	-42996.003	-29929.891	
	45500	1534.4983	78149.709	213990.74	2.8265846	-42984.247	-29868.855	
	45600	1547.0677	78757.717	213990.74	2.8265846	-42961.848	-29743.317	
	45700	1532.886	79524.951	213990.74	2.8265846	-42924.223	-29627.963	
	45800	1545.3077	79355.974	213990.74	2.8265846	-42933.68	-29638.315	
	45900	1540.7506	79897.503	213990.74	2.8265846	-42908.57	-29548.828	
	46000	1549.2474	79938.163	213990.74	2.8265846	-42912.187	-29532.189	
	46100	1553.4772	79436.531	213990.74	2.8265846	-42934.687	-29614.308	
	46200	1532.3525	79270.555	213990.74	2.8265846	-42932.878	-29671.527	
	46300	1544.1051	79155.179	213990.74	2.8265846	-42939.115	-29672.667	
	46400	1555.9525	79427.075	213990.74	2.8265846	-42934.609	-29611.174	
	46500	1552.546	79747.139	213990.74	2.8265846	-42918.806	-29558.566	
	46600	1552.5664	79805.312	213990.74	2.8265846	-42915.815	-29547.769	
	46700	1560.7418	80036.543	213990.74	2.8265846	-42912.318	-29499.124	
	46800	1570.2918	80006.561	213990.74	2.8265846	-42914.169	-29488.316	
	46900	1560.6865	80107.31	213990.74	2.8265846	-42906.908	-29484.358	
	47000	1555.7721	79744.165	213990.74	2.8265846	-42922.814	-29557.342	
	47100	1555.5778	79903.575	213990.74	2.8265846	-42914.382	-29527.957	
	47200	1579.0247	80257.282	213990.74	2.8265846	-42910.915	-29436.337	
	47300	1570.0264	80837.2	213990.74	2.8265846	-42878.293	-29341.961	
	47400	1581.7633	81262.711	213990.74	2.8265846	-42867.576	-29253.932	
	47500	1585.7004	81492.467	213990.74	2.8265846	-42853.929	-29202.728	
	47600	1588.4191	81412.302	213990.74	2.8265846	-42857.109	-29211.871	
	47700	1586.1605	81360.362	213990.74	2.8265846	-42857.325	-29222.965	
	47800	1584.0989	81502.153	213990.74	2.8265846	-42849.738	-29200.038	
	47900	1588.9467	81784.774	213990.74	2.8265846	-42840.787	-29144.88	
	48000	1601.3104	82072.866	213990.74	2.8265846	-42835.515	-29079.557	
	48100	1612.9478	81991.536	213990.74	2.8265846	-42843.516	-29078.115	
	48200	1579.5882	81997.039	213990.74	2.8265846	-42835.147	-29127.219	
	48300	1587.6393	81696.762	213990.74	2.8265846	-42843.041	-29161.171	
	48400	1614.2567	81596.704	213990.74	2.8265846	-42859.342	-29144.391	
	48500	1601.3731	82195.296	213990.74	2.8265846	-42828.464	-29056.044	
	48600	1615.0044	82428.831	213990.74	2.8265846	-42819.146	-28991.75	
	48700	1614.816	83140.961	213990.74	2.8265846	-42785.024	-28862.842	
	48800	1622.392	83201.704	213990.74	2.8265846	-42780.985	-28837.472	
	48900	1613.573	83618.571	213990.74	2.8265846	-42767.571	-28783.768	
	49000	1624.9088	83591.321	213990.74	2.8265846	-42771.395	-28771.452	
	49100	1629.2581	83963.694	213990.74	2.8265846	-42757.9	-28700.633	
	49200	1640.0438	84068.793	213990.74	2.8265846	-42755.223	-28665.098	
	49300	1646.2027	84165.394	213990.74	2.8265846	-42754.707	-28640.934	
	49400	1615.6291	84317.69	213990.74	2.8265846	-42734.193	-28653.426	
	49500	1644.6955	83481.523	213990.74	2.8265846	-42785.872	-28766.069	
	49600	1623.595	83707.909	213990.74	2.8265846	-42766.897	-28753.674	
	49700	1633.5703	83473.361	213990.74	2.8265846	-42778.64	-28779.339	
	49800	1645.2177	84185.475	213990.74	2.8265846	-42753.878	-28639.142	
	49900	1647.7007	84807.602	213990.74	2.8265846	-42729.97	-28527.808	
	50000	1659.2296	84707.873	213990.74	2.8265846	-42739.201	-28530.242	
	50100	1651.8352	84540.722	213990.74	2.8265846	-42748.445	-28574.714	
	50200	1630.4453	84488.2	213990.74	2.8265846	-42742.907	-28613.514	
	50300	1651.5206	84920.423	213990.74	2.8265846	-42728.888	-28504.992	
	50400	1673.4722	85176.368	213990.74	2.8265846	-42725.389	-28429.006	
	50500	1667.7563	85051.102	213990.74	2.8265846	-42726.556	-28456.877	
	50600	1640.0414	85614.732	213990.74	2.8265846	-42694.984	-28398.384	
	50700	1681.9788	85200.773	213990.74	2.8265846	-42724.569	-28410.082	
	50800	1663.9921	85777.277	213990.74	2.8265846	-42688.561	-28328.46	
	50900	1667.717	86180.301	213990.74	2.8265846	-42673.537	-28253.108	
	51000	1680.5622	86576.237	213990.74	2.8265846	-42657.511	-28161.786	
	51100	1682.1184	86665.319	213990.74	2.8265846	-42655.419	-28145.081	
	51200	1689.125	86230.712	213990.74	2.8265846	-42676.56	-28212.044	
	51300	1675.8091	86051.594	213990.74	2.8265846	-42681.092	-28263.733	
	51400	1673.0039	86028.358	213990.74	2.8265846	-42677.13	-28267.77	
	51500	1712.9415	86218.75	213990.74	2.8265846	-42691.181	-28186.705	
	51600	1686.0685	86964.858	213990.74	2.8265846	-42646.623	-28089.385	
	51700	1691.1804	87027.188	213990.74	2.8265846	-42642.963	-28068.48	
	51800	1705.9763	87910.394	213990.74	2.8265846	-42613.047	-27894.785	
	51900	1696.7854	88716.393	213990.74	2.8265846	-42571.109	-27761.232	
	52000	1698.9057	88976.677	213990.74	2.8265846	-42558.454	-27710.113	
	52100	1713.3705	89130.952	213990.74	2.8265846	-42555.118	-27660.933	
	52200	1721.6569	89258.158	213990.74	2.8265846	-42558.991	-27633.356	
	52300	1697.1814	88768.18	213990.74	2.8265846	-42569.541	-27752.056	
	52400	1707.7621	87865.541	213990.74	2.8265846	-42611.789	-27896.401	
	52500	1721.9894	87592.722	213990.74	2.8265846	-42627.381	-27923.606	
	52600	1716.2262	88157.062	213990.74	2.8265846	-42610.31	-27841.217	
	52700	1748.2332	87760.201	213990.74	2.8265846	-42642.054	-27870.118	
	52800	1717.599	87949.32	213990.74	2.8265846	-42614.853	-27871.111	
	52900	1717.2678	87514.167	213990.74	2.8265846	-42633.796	-27948.752	
	53000	1717.0629	88299.393	213990.74	2.8265846	-42598.425	-27808.862	
	53100	1718.5012	89263.64	213990.74	2.8265846	-42555.921	-27635.061	
	53200	1733.6615	89615.247	213990.74	2.8265846	-42544.255	-27549.981	
	53300	1744.4002	90045.277	213990.74	2.8265846	-42530.991	-27460.542	
	53400	1757.3492	89606.286	213990.74	2.8265846	-42549.439	-27515.029	
	53500	1738.9577	89133.662	213990.74	2.8265846	-42566.879	-27627.685	
	53600	1733.1752	89041.9	213990.74	2.8265846	-42567.99	-27651.142	
	53700	1734.9592	89753.89	213990.74	2.8265846	-42538.654	-27523.597	
	53800	1748.0086	90283.38	213990.74	2.8265846	-42523.128	-27414.581	
	53900	1761.8202	90222.911	213990.74	2.8265846	-42532.98	-27408.411	
	54000	1741.8008	90815.21	213990.74	2.8265846	-42489.437	-27320.69	
	54100	1784.4668	90622.666	213990.74	2.8265846	-42517.328	-27299.85	
	54200	1756.7109	91267.973	213990.74	2.8265846	-42481.405	-27226.17	
	54300	1761.2838	91189.364	213990.74	2.8265846	-42482.4	-27229.684	
	54400	1763.6169	91307.749	213990.74	2.8265846	-42471.742	-27199.144	
	54500	1777.9915	91387.493	213990.74	2.8265846	-42479.862	-27171.531	
	54600	1775.7475	91541.356	213990.74	2.8265846	-42476.74	-27151.775	
	54700	1770.6238	91587.847	213990.74	2.8265846	-42469.745	-27147.511	
	54800	1761.1377	92158.73	213990.74	2.8265846	-42434.687	-27052.756	
	54900	1788.5863	92156.307	213990.74	2.8265846	-42444.603	-27015.101	
	55000	1787.2109	92553.139	213990.74	2.8265846	-42432.937	-26952.833	
	55100	1796.6318	92170.092	213990.74	2.8265846	-42454.793	-27009.411	
	55200	1771.3075	91513.41	213990.74	2.8265846	-42467.688	-27154.202	
	55300	1782.513	90791.894	213990.74	2.8265846	-42497.973	-27261.302	
	55400	1782.3724	91502.739	213990.74	2.8265846	-42468.628	-27137.26	
	55500	1787.1717	92207.252	213990.74	2.8265846	-42442.772	-27008.934	
	55600	1796.0341	92541.981	213990.74	2.8265846	-42429.037	-26935.027	
	55700	1818.1809	92403.709	213990.74	2.8265846	-42442.837	-26928.652	
	55800	1799.6434	92711.327	213990.74	2.8265846	-42426.018	-26903.092	
	55900	1787.6736	92802.572	213990.74	2.8265846	-42420.213	-26905.986	
	56000	1817.9831	93054.982	213990.74	2.8265846	-42411.436	-26810.611	
	56100	1801.4494	94270	213990.74	2.8265846	-42355.459	-26621.201	
	56200	1826.2937	94426.347	213990.74	2.8265846	-42359.119	-26560.629	
	56300	1836.3057	94131.366	213990.74	2.8265846	-42374.565	-26598.004	
	56400	1814.4248	94031.756	213990.74	2.8265846	-42374.749	-26649.672	
	56500	1801.4241	94397.807	213990.74	2.8265846	-42350.461	-26599.178	
	56600	1815.7305	94830.755	213990.74	2.8265846	-42338.586	-26504.514	
	56700	1837.3473	94747.531	213990.74	2.8265846	-42343.889	-26483.214	
	56800	1833.5981	95005.154	213990.74	2.8265846	-42334.713	-26446.171	
	56900	1825.7711	95439.793	213990.74	2.8265846	-42315.332	-26382.396	
	57000	1874.3969	94854.39	213990.74	2.8265846	-42355.056	-26415.461	
	57100	1830.8622	95356.27	213990.74	2.8265846	-42318.483	-26387.819	
	57200	1834.8202	95227.826	213990.74	2.8265846	-42326.788	-26406.373	
	57300	1851.8723	95019.153	213990.74	2.8265846	-42342.687	-26420.389	
	57400	1836.1327	95833.309	213990.74	2.8265846	-42306.057	-26302.482	
	57500	1864.0616	96005.675	213990.74	2.8265846	-42303.751	-26228.421	
	57600	1845.8453	96931.889	213990.74	2.8265846	-42254.803	-26087.552	
	57700	1865.3829	96567.384	213990.74	2.8265846	-42275.479	-26122.821	
	57800	1859.888	96567.794	213990.74	2.8265846	-42272.207	-26129.082	
	57900	1861.0813	96347.121	213990.74	2.8265846	-42284.079	-26168.345	
	58000	1847.597	96523.108	213990.74	2.8265846	-42273.789	-26158.079	
	58100	1855.8811	97081.561	213990.74	2.8265846	-42248.549	-26043.796	
	58200	1892.5086	96677.848	213990.74	2.8265846	-42278.415	-26063.672	
	58300	1856.6261	97250.136	213990.74	2.8265846	-42237.562	-26008.993	
	58400	1879.1531	96974.73	213990.74	2.8265846	-42260.481	-26029.39	
	58500	1881.5322	97812.998	213990.74	2.8265846	-42223.338	-25876.134	
	58600	1896.645	98321.653	213990.74	2.8265846	-42208.712	-25767.201	
	58700	1885.8309	98290.46	213990.74	2.8265846	-42198.431	-25779.955	
	58800	1878.401	98657.465	213990.74	2.8265846	-42185.94	-25731.411	
	58900	1878.2202	99192.089	213990.74	2.8265846	-42159.446	-25633.826	
	59000	1899.8977	99195.465	213990.74	2.8265846	-42168.995	-25605.099	
	59100	1899.2296	99226.471	213990.74	2.8265846	-42169.843	-25602.972	
	59200	1889.215	99323.869	213990.74	2.8265846	-42153.816	-25591.411	
	59300	1929.962	99308.982	213990.74	2.8265846	-42168.428	-25536.912	
	59400	1921.3087	99851.389	213990.74	2.8265846	-42140.424	-25451.562	
	59500	1888.2573	99916.307	213990.74	2.8265846	-42124.961	-25485.099	
	59600	1901.9045	99800.683	213990.74	2.8265846	-42141.003	-25492.771	
	59700	1895.6679	100194.24	213990.74	2.8265846	-42112.896	-25422.982	
	59800	1910.0888	100541.67	213990.74	2.8265846	-42101.417	-25339.937	
	59900	1927.3943	100780.45	213990.74	2.8265846	-42105.203	-25281.634	
	60000	1923.1332	100650.36	213990.74	2.8265846	-42110.194	-25311.436	
	60100	1905.805	100581.1	213990.74	2.8265846	-42107.117	-25347.845	
	60200	1927.1935	100428.27	213990.74	2.8265846	-42122.895	-25346.714	
	60300	1943.6736	100912.93	213990.74	2.8265846	-42106.003	-25236.335	
	60400	1927.2422	101461.65	213990.74	2.8265846	-42078.474	-25164.188	
	60500	1933.3218	101298.3	213990.74	2.8265846	-42083.076	-25180	
	60600	1944.0584	101639.12	213990.74	2.8265846	-42080.033	-25112.701	
	60700	1935.0626	102423.22	213990.74	2.8265846	-42035.553	-24979.191	
	60800	1969.3778	101940.49	213990.74	2.8265846	-42058.065	-25006.303	
	60900	1938.7946	101984.39	213990.74	2.8265846	-42038.326	-25034.064	
	61000	1938.1663	101568.26	213990.74	2.8265846	-42066.485	-25118.899	
	61100	1927.3346	102146.8	213990.74	2.8265846	-42036.214	-25030.257	
	61200	1942.4422	102399.94	213990.74	2.8265846	-42032.397	-24966.269	
	61300	1959.6826	102683.32	213990.74	2.8265846	-42031.341	-24897.282	
	61400	1963.7392	102903.82	213990.74	2.8265846	-42018.348	-24847.76	
	61500	1961.4882	103167.76	213990.74	2.8265846	-42010.621	-24808.707	
	61600	1941.7951	103655.83	213990.74	2.8265846	-41979.909	-24747.169	
	61700	1980.9796	103562.35	213990.74	2.8265846	-41990.951	-24702.326	
	61800	1970.3007	104168.44	213990.74	2.8265846	-41961.228	-24610.284	
	61900	1974.7435	103871.17	213990.74	2.8265846	-41981.456	-24662.464	
	62000	1940.0879	104094.34	213990.74	2.8265846	-41955.73	-24667.401	
	62100	1980.5133	104128.89	213990.74	2.8265846	-41974.452	-24610.971	
	62200	1966.6994	105367.47	213990.74	2.8265846	-41907.578	-24402.772	
	62300	1983.0952	105720.71	213990.74	2.8265846	-41899.051	-24318.457	
	62400	1978.8834	106361.34	213990.74	2.8265846	-41869.13	-24210.321	
	62500	2015.4184	105682.64	213990.74	2.8265846	-41913.498	-24281.589	
	62600	1979.6061	105468.59	213990.74	2.8265846	-41913.396	-24372.564	
	62700	1976.7936	105385.05	213990.74	2.8265846	-41914.174	-24389.408	
	62800	1999.4407	105291.12	213990.74	2.8265846	-41932.49	-24380.753	
	62900	1996.3897	105755.75	213990.74	2.8265846	-41910.835	-24302.364	
	63000	2016.5425	105841.42	213990.74	2.8265846	-41910.767	-24255.69	
	63100	1986.1713	106596.66	213990.74	2.8265846	-41855.688	-24152.733	
	63200	2005.7797	107297.74	213990.74	2.8265846	-41830.529	-23999.721	
	63300	2007.0118	108079.24	213990.74	2.8265846	-41793.62	-23856.283	
	63400	2010.1219	108605.95	213990.74	2.8265846	-41768.615	-23755.503	
	63500	2007.6448	109526.33	213990.74	2.8265846	-41728.181	-23596.463	
	63600	2032.7354	109776.86	213990.74	2.8265846	-41733.791	-23524.832	
	63700	2019.1381	109853.71	213990.74	2.8265846	-41711.593	-23516.095	
	63800	2033.6891	109319.17	213990.74	2.8265846	-41742.806	-23593.313	
	63900	2008.6406	109882.04	213990.74	2.8265846	-41708.889	-23527.924	
	64000	2027.8152	109916.98	213990.74	2.8265846	-41714.693	-23495.604	
	64100	2025.6989	110578.3	213990.74	2.8265846	-41681.699	-23377.975	
	64200	2019.74	111362.13	213990.74	2.8265846	-41646.58	-23248.562	
	64300	2018.423	111856.74	213990.74	2.8265846	-41616.525	-23154.745	
	64400	2058.5489	111469.43	213990.74	2.8265846	-41653.029	-23172.964	
	64500	2023.6516	112531.58	213990.74	2.8265846	-41593.013	-23031.977	
	64600	2063.7699	112324.54	213990.74	2.8265846	-41617.619	-23014.234	
	64700	2049.5042	112855.68	213990.74	2.8265846	-41582.756	-22933.323	
	64800	2026.3939	112827.49	213990.74	2.8265846	-41582.076	-22976.731	
	64900	2021.5585	112871.19	213990.74	2.8265846	-41579.621	-22976.877	
	65000	2035.2659	114027.16	213990.74	2.8265846	-41528.823	-22747.768	
	65100	2054.1021	114572.06	213990.74	2.8265846	-41506.504	-22619.803	
	65200	2062.3686	115048.5	213990.74	2.8265846	-41486.326	-22521.567	
	65300	2067.0357	115371.84	213990.74	2.8265846	-41468.839	-22452.75	
	65400	2064.8794	116003.36	213990.74	2.8265846	-41440.017	-22343.344	
	65500	2070.4557	116888.06	213990.74	2.8265846	-41400.086	-22175.519	
	65600	2073.9479	117700.14	213990.74	2.8265846	-41370.367	-22031.243	
	65700	2066.8283	118178.54	213990.74	2.8265846	-41347.521	-21956.925	
	65800	2070.9493	118488.29	213990.74	2.8265846	-41326.209	-21887.051	
	65900	2078.3533	118590.62	213990.74	2.8265846	-41318.248	-21852.502	
	66000	2052.4843	119799.78	213990.74	2.8265846	-41251.003	-21668.897	
	66100	2074.378	120080.25	213990.74	2.8265846	-41240.376	-21582.608	
	66200	2101.3015	120165.8	213990.74	2.8265846	-41255.463	-21539.29	
	66300	2072.7347	120927.31	213990.74	2.8265846	-41212.111	-21444.076	
	66400	2088.0484	121418.86	213990.74	2.8265846	-41189.042	-21328.633	
	66500	2089.8637	121915.55	213990.74	2.8265846	-41159.501	-21229.585	
	66600	2102.5059	122313.5	213990.74	2.8265846	-41165.33	-21160.204	
	66700	2097.3633	122839.69	213990.74	2.8265846	-41128.085	-21061.653	
	66800	2119.3823	123233.84	213990.74	2.8265846	-41119.631	-20962.135	
	66900	2093.2351	124443.52	213990.74	2.8265846	-41051.879	-20778.439	
	67000	2112.6776	125761.23	213990.74	2.8265846	-41002.454	-20519.092	
	67100	2120.665	125744.29	213990.74	2.8265846	-41001.199	-20506.163	
	67200	2091.5828	126386.5	213990.74	2.8265846	-40949.943	-20419.876	
	67300	2117.0037	127219.84	213990.74	2.8265846	-40934.888	-20249.162	
	67400	2119.8162	127959.91	213990.74	2.8265846	-40903.419	-20113.94	
	67500	2117.6777	128209.25	213990.74	2.8265846	-40885.663	-20066.613	
	67600	2136.6746	128032.24	213990.74	2.8265846	-40893.71	-20065.154	
	67700	2143.0425	128514.32	213990.74	2.8265846	-40877.69	-19973.635	
	67800	2112.6439	129294.15	213990.74	2.8265846	-40826.137	-19870.968	
	67900	2134.7592	129490.78	213990.74	2.8265846	-40823.173	-19803.152	
	68000	2136.3491	130558.34	213990.74	2.8265846	-40776.385	-19611.005	
	68100	2136.3398	131143.42	213990.74	2.8265846	-40751.228	-19507.719	
	68200	2123.6369	132121.96	213990.74	2.8265846	-40695.171	-19343.131	
	68300	2149.2569	132385.82	213990.74	2.8265846	-40695.006	-19263.02	
	68400	2134.4633	132821.22	213990.74	2.8265846	-40657.818	-19193.492	
	68500	2161.0623	132746.43	213990.74	2.8265846	-40669.19	-19168.441	
	68600	2153.6464	133129.51	213990.74	2.8265846	-40650.466	-19111.491	
	68700	2144.6926	133244.94	213990.74	2.8265846	-40648.232	-19109.464	
	68800	2145.9269	133310.02	213990.74	2.8265846	-40648.117	-19098.503	
	68900	2143.0772	134394.57	213990.74	2.8265846	-40591.85	-18902.353	
	69000	2170.4169	134719.74	213990.74	2.8265846	-40587.477	-18806.845	
	69100	2176.6021	134798.09	213990.74	2.8265846	-40594.284	-18792.395	
	69200	2147.285	134979.23	213990.74	2.8265846	-40575.275	-18800.348	
	69300	2166.1634	134815.52	213990.74	2.8265846	-40586.041	-18800.038	
	69400	2166.2504	135778.04	213990.74	2.8265846	-40530.422	-18615.712	
	69500	2181.8254	136137.9	213990.74	2.8265846	-40529.707	-18539.756	
	69600	2176.1917	136398.56	213990.74	2.8265846	-40511.162	-18496.227	
	69700	2174.0112	136654.84	213990.74	2.8265846	-40496.664	-18451.304	
	69800	2209.4979	137068.12	213990.74	2.8265846	-40490.199	-18327.72	
	69900	2191.0871	137721.01	213990.74	2.8265846	-40443.869	-18226.314	
	70000	2187.8819	137937.61	213990.74	2.8265846	-40450.335	-18209.442	
	70100	2184.9394	138090.64	213990.74	2.8265846	-40437.03	-18180.832	
	70200	2219.8284	138374.28	213990.74	2.8265846	-40427.092	-18072.134	
	70300	2227.693	138075.33	213990.74	2.8265846	-40445.45	-18116.697	
	70400	2192.4805	137918.76	213990.74	2.8265846	-40441.672	-18195.272	
	70500	2198.6788	137988.14	213990.74	2.8265846	-40447.168	-18180.687	
	70600	2215.3929	137745.05	213990.74	2.8265846	-40458.178	-18195	
	70700	2200.5096	138409.61	213990.74	2.8265846	-40428.089	-18102.121	
	70800	2215.8003	139097.93	213990.74	2.8265846	-40401.897	-17957.314	
	70900	2233.2174	139362.09	213990.74	2.8265846	-40385.819	-17875.564	
	71000	2223.5844	139011.68	213990.74	2.8265846	-40395.51	-17948.865	
	71100	2220.6878	138701.07	213990.74	2.8265846	-40421.127	-18021.023	
	71200	2208.4887	138951.38	213990.74	2.8265846	-40401.266	-17989.014	
	71300	2232.1235	138709.3	213990.74	2.8265846	-40419.83	-17998.671	
	71400	2222.2055	139115.4	213990.74	2.8265846	-40391.994	-17933.902	
	71500	2249.9096	139616.75	213990.74	2.8265846	-40381.278	-17807.884	
	71600	2255.0323	140222.28	213990.74	2.8265846	-40357.555	-17694.346	
	71700	2233.9777	140019.93	213990.74	2.8265846	-40349.103	-17749.658	
	71800	2221.6405	139776.25	213990.74	2.8265846	-40355.425	-17810.054	
	71900	2218.5637	139391.06	213990.74	2.8265846	-40383.026	-17894.47	
	72000	2227.0121	139672.45	213990.74	2.8265846	-40373.312	-17832.431	
	72100	2265.621	139614.57	213990.74	2.8265846	-40390.055	-17789.537	
	72200	2237.2572	139897.27	213990.74	2.8265846	-40363.748	-17774.964	
	72300	2228.3615	140622.75	213990.74	2.8265846	-40326.24	-17656.081	
	72400	2248.9812	140900.52	213990.74	2.8265846	-40312.626	-17569.388	
	72500	2267.245	141158.76	213990.74	2.8265846	-40320.319	-17510.721	
	72600	2269.006	141005.47	213990.74	2.8265846	-40322.375	-17530.179	
	72700	2238.3495	140941.48	213990.74	2.8265846	-40302.312	-17572.155	
	72800	2276.2773	140058.73	213990.74	2.8265846	-40365.826	-17687.391	
	72900	2251.9833	140705.51	213990.74	2.8265846	-40321.569	-17599.139	
	73000	2284.3959	140799.69	213990.74	2.8265846	-40336.638	-17545.073	
	73100	2280.4889	141410.38	213990.74	2.8265846	-40312.53	-17446.216	
	73200	2284.364	140527.45	213990.74	2.8265846	-40349.323	-17594.175	
	73300	2235.8071	140544.89	213990.74	2.8265846	-40321.084	-17648.332	
	73400	2282.3834	140399.98	213990.74	2.8265846	-40356.249	-17621.581	
	73500	2277.5043	140788.61	213990.74	2.8265846	-40331.688	-17553.628	
	73600	2283.486	141262.4	213990.74	2.8265846	-40315.35	-17463.573	
	73700	2287.0732	141978.32	213990.74	2.8265846	-40276.552	-17322.895	
	73800	2312.625	141918.82	213990.74	2.8265846	-40296.572	-17306.276	
	73900	2297.7907	141971.22	213990.74	2.8265846	-40291.271	-17319.86	
	74000	2297.5431	141619.68	213990.74	2.8265846	-40296.81	-17372.784	
	74100	2293.4164	141880.02	213990.74	2.8265846	-40287.52	-17335.925	
	74200	2319.5878	141788.31	213990.74	2.8265846	-40305.679	-17320.665	
	74300	2312.2312	142808.12	213990.74	2.8265846	-40254.388	-17146.002	
	74400	2318.9787	143280.67	213990.74	2.8265846	-40228.597	-17045.324	
	74500	2329.5274	143410.24	213990.74	2.8265846	-40219.319	-17000.333	
	74600	2331.2764	143483.81	213990.74	2.8265846	-40225.384	-16993.52	
	74700	2302.1776	142815.76	213990.74	2.8265846	-40241.379	-17149.516	
	74800	2310.7648	142462.06	213990.74	2.8265846	-40270.481	-17210.875	
	74900	2316.1344	142856.9	213990.74	2.8265846	-40257.206	-17135.495	
	75000	2341.0497	143646.88	213990.74	2.8265846	-40223.407	-16952.71	
	75100	2339.8429	143724.55	213990.74	2.8265846	-40222.811	-16943.846	
	75200	2319.4858	143822.18	213990.74	2.8265846	-40209.084	-16952.6	
	75300	2339.7677	143656.55	213990.74	2.8265846	-40224.594	-16954.843	
	75400	2341.154	144226.34	213990.74	2.8265846	-40196.131	-16847.858	
	75500	2361.4836	144667.07	213990.74	2.8265846	-40181.722	-16739.112	
	75600	2355.7328	144935.56	213990.74	2.8265846	-40151.758	-16683.321	
	75700	2343.4812	144649.68	213990.74	2.8265846	-40174.233	-16765.357	
	75800	2336.6664	143713.53	213990.74	2.8265846	-40218.331	-16946.38	
	75900	2322.6709	143927.37	213990.74	2.8265846	-40193.005	-16916.914	
	76000	2347.7435	144265.38	213990.74	2.8265846	-40189.372	-16824.386	
	76100	2350.5064	144663.12	213990.74	2.8265846	-40173.74	-16750.811	
	76200	2365.3337	144685.27	213990.74	2.8265846	-40186.199	-16734.439	
	76300	2367.6873	144497.74	213990.74	2.8265846	-40192.218	-16761.399	
	76400	2340.1628	144656.61	213990.74	2.8265846	-40173.844	-16769.832	
	76500	2358.542	144186.95	213990.74	2.8265846	-40202.49	-16829.137	
	76600	2364.6436	144866.26	213990.74	2.8265846	-40167.18	-16692.451	
	76700	2380.6205	145575.88	213990.74	2.8265846	-40139.52	-16542.134	
	76800	2381.7589	145715.4	213990.74	2.8265846	-40131.139	-16513.132	
	76900	2372.8288	145764.1	213990.74	2.8265846	-40128.863	-16519.934	
	77000	2381.5675	145356.02	213990.74	2.8265846	-40154.911	-16585.238	
	77100	2362.5722	145918	213990.74	2.8265846	-40121.889	-16510.301	
	77200	2411.3433	146459.11	213990.74	2.8265846	-40108.169	-16339.209	
	77300	2402.3485	146762.1	213990.74	2.8265846	-40094.762	-16301.029	
	77400	2382.3846	146204.78	213990.74	2.8265846	-40110.68	-16426.219	
	77500	2373.8424	145968.54	213990.74	2.8265846	-40124.582	-16486.578	
	77600	2392.7208	146165.02	213990.74	2.8265846	-40115.495	-16418.309	
	77700	2413.7559	146336.33	213990.74	2.8265846	-40111.521	-16354.75	
	77800	2408.9464	146280.04	213990.74	2.8265846	-40118.492	-16377.631	
	77900	2388.466	146258.09	213990.74	2.8265846	-40109.386	-16407.193	
	78000	2408.4563	145897.18	213990.74	2.8265846	-40135.685	-16446.815	
	78100	2416.7007	147028.69	213990.74	2.8265846	-40083.972	-16229.589	
	78200	2418.9008	147847.63	213990.74	2.8265846	-40038.267	-16070.666	
	78300	2438.1857	147411.37	213990.74	2.8265846	-40074.389	-16131.407	
	78400	2398.0359	147326.99	213990.74	2.8265846	-40059.579	-16197.923	
	78500	2401.1596	147031.33	213990.74	2.8265846	-40072.129	-16244.511	
	78600	2424.2523	146984.63	213990.74	2.8265846	-40087.833	-16226.159	
	78700	2419.9383	147201.74	213990.74	2.8265846	-40072.857	-16189.712	
	78800	2436.9362	146971.76	213990.74	2.8265846	-40096.978	-16214.891	
	78900	2407.6134	147627.51	213990.74	2.8265846	-40059.995	-16141.489	
	79000	2450.1524	147434.94	213990.74	2.8265846	-40090.758	-16123.747	
	79100	2430.2631	148431.49	213990.74	2.8265846	-40010.054	-15944.645	
	79200	2470.6866	148134.25	213990.74	2.8265846	-40046.135	-15949.892	
	79300	2420.1387	148580.57	213990.74	2.8265846	-40003.699	-15936.044	
	79400	2445.2227	147806.03	213990.74	2.8265846	-40056.972	-16048.999	
	79500	2451.7986	148242.53	213990.74	2.8265846	-40027.679	-15949.932	
	79600	2469.1254	148621.77	213990.74	2.8265846	-40020.819	-15862.185	
	79700	2441.2767	149065.39	213990.74	2.8265846	-39994.576	-15825.285	
	79800	2437.6008	149409.5	213990.74	2.8265846	-39974.387	-15765.55	
	79900	2466.6201	150037.21	213990.74	2.8265846	-39956.1	-15612.789	
	80000	2473.0104	150192.8	213990.74	2.8265846	-39952.04	-15576.797	
	80100	2465.4566	149887.83	213990.74	2.8265846	-39958.997	-15637.667	
	80200	2475.0834	148774.15	213990.74	2.8265846	-40023.601	-15834.22	
	80300	2410.92	149249.63	213990.74	2.8265846	-39976.5	-15835.569	
	80400	2466.418	149105.28	213990.74	2.8265846	-40012.153	-15793.664	
	80500	2481.1926	149302.94	213990.74	2.8265846	-40003.151	-15732.484	
	80600	2472.5717	149707.89	213990.74	2.8265846	-39979.982	-15670.27	
	80700	2494.2773	149493.13	213990.74	2.8265846	-39999.404	-15680.502	
	80800	2469.2631	149883.19	213990.74	2.8265846	-39955.844	-15628.492	
	80900	2488.5544	150379.87	213990.74	2.8265846	-39948.766	-15521.416	
	81000	2510.9555	150434.71	213990.74	2.8265846	-39952.964	-15479.201	
	81100	2480.5783	150495.96	213990.74	2.8265846	-39928.432	-15499.493	
	81200	2493.6942	149284.74	213990.74	2.8265846	-40002.754	-15712.704	
	81300	2471.8261	148640.78	213990.74	2.8265846	-40024.993	-15859.109	
	81400	2478.4238	148888.06	213990.74	2.8265846	-40004.396	-15793.972	
	81500	2495.3207	149579.36	213990.74	2.8265846	-39983.248	-15651.009	
	81600	2493.3983	150099.74	213990.74	2.8265846	-39951.779	-15553.392	
	81700	2506.9111	150680.72	213990.74	2.8265846	-39934.656	-15435.093	
	81800	2509.887	151160.67	213990.74	2.8265846	-39916.62	-15347.761	
	81900	2519.6116	151122.26	213990.74	2.8265846	-39925.26	-15344.563	
	82000	2506.5052	150840.84	213990.74	2.8265846	-39931.443	-15411.202	
	82100	2460.5356	150590.21	213990.74	2.8265846	-39921.369	-15514.814	
	82200	2509.5721	150734.7	213990.74	2.8265846	-39937.458	-15426.042	
	82300	2523.0603	151200.66	213990.74	2.8265846	-39920.602	-15323.417	
	82400	2528.6566	151398.5	213990.74	2.8265846	-39911.238	-15277.863	
	82500	2509.352	152582.23	213990.74	2.8265846	-39844.369	-15086.576	
	82600	2552.02	153058.8	213990.74	2.8265846	-39848.167	-14952.271	
	82700	2550.7286	152648.15	213990.74	2.8265846	-39863.343	-15024.549	
	82800	2527.5248	152159.11	213990.74	2.8265846	-39875.93	-15142.94	
	82900	2534.5974	151806.15	213990.74	2.8265846	-39892.248	-15194.061	
	83000	2532.3204	151732.87	213990.74	2.8265846	-39876.504	-15192.078	
	83100	2543.2133	152673.33	213990.74	2.8265846	-39854.351	-15025.307	
	83200	2581.5677	152973.01	213990.74	2.8265846	-39859.886	-14923.892	
	83300	2531.0415	154012.01	213990.74	2.8265846	-39790.411	-14803.807	
	83400	2565.4762	153476.36	213990.74	2.8265846	-39826.22	-14851.075	
	83500	2545.9589	153860.37	213990.74	2.8265846	-39780.71	-14788.331	
	83600	2568.5208	153795.22	213990.74	2.8265846	-39794.445	-14771.399	
	83700	2558.1395	154532.15	213990.74	2.8265846	-39763.4	-14660.043	
	83800	2576.3565	154493.18	213990.74	2.8265846	-39784.308	-14654.37	
	83900	2571.8588	154149.09	213990.74	2.8265846	-39788.751	-14712.618	
	84000	2564.3197	153261.9	213990.74	2.8265846	-39834.957	-14890.474	
	84100	2530.4041	153813.72	213990.74	2.8265846	-39800.661	-14841.653	
	84200	2572.5232	153773.93	213990.74	2.8265846	-39809.527	-14782.342	
	84300	2559.7186	154377.22	213990.74	2.8265846	-39760.915	-14675.496	
	84400	2594.5857	154630.33	213990.74	2.8265846	-39784.422	-14604.356	
	84500	2579.7603	155373.81	213990.74	2.8265846	-39745.445	-14491.947	
	84600	2607.6262	154823.58	213990.74	2.8265846	-39767.048	-14538.417	
	84700	2599.1123	155050.96	213990.74	2.8265846	-39757.149	-14513.004	
	84800	2600.3867	154021.89	213990.74	2.8265846	-39816.378	-14707.456	
	84900	2558.9548	154011.3	213990.74	2.8265846	-39797.912	-14762.698	
	85000	2606.5024	153538.14	213990.74	2.8265846	-39854.442	-14799.459	
	85100	2580.2325	154326.53	213990.74	2.8265846	-39776.325	-14661.881	
	85200	2608.2222	155205.28	213990.74	2.8265846	-39742.514	-14461.863	
	85300	2612.9514	155471.88	213990.74	2.8265846	-39743.665	-14419.154	
	85400	2590.9321	155622.46	213990.74	2.8265846	-39721.067	-14414.866	
	85500	2608.1524	155869.27	213990.74	2.8265846	-39726.71	-14357.497	
	85600	2636.1898	156393.71	213990.74	2.8265846	-39714.789	-14226.608	
	85700	2612.1749	156619.83	213990.74	2.8265846	-39682.35	-14205.872	
	85800	2589.1527	155637.17	213990.74	2.8265846	-39713.055	-14407.995	
	85900	2605.6093	154452.56	213990.74	2.8265846	-39787.373	-14611.816	
	86000	2570.0338	154245.24	213990.74	2.8265846	-39782.402	-14696.61	
	86100	2597.5529	155080.31	213990.74	2.8265846	-39750.048	-14504.705	
	86200	2629.8037	155631.76	213990.74	2.8265846	-39748.5	-14373.231	
	86300	2628.1733	156267.27	213990.74	2.8265846	-39708.774	-14251.468	
	86400	2681.9092	155450.73	213990.74	2.8265846	-39786.636	-14344.628	
	86500	2596.6051	156060.11	213990.74	2.8265846	-39709.999	-14335.445	
	86600	2627.9097	155757.68	213990.74	2.8265846	-39731.515	-14342.731	
	86700	2611.6973	157314.09	213990.74	2.8265846	-39645.981	-14077.608	
	86800	2660.0013	156934.28	213990.74	2.8265846	-39678.805	-14076.875	
	86900	2662.518	156333.42	213990.74	2.8265846	-39711.049	-14184.981	
	87000	2625.7934	156305.63	213990.74	2.8265846	-39690.025	-14231.749	
	87100	2647.7838	156498.71	213990.74	2.8265846	-39703.294	-14180.859	
	87200	2657.3683	156992.31	213990.74	2.8265846	-39683.182	-14078.096	
	87300	2683.292	157480.65	213990.74	2.8265846	-39666.915	-13951.372	
	87400	2677.3379	158952.44	213990.74	2.8265846	-39585.477	-13683.747	
	87500	2668.5962	158767.83	213990.74	2.8265846	-39587.355	-13725.535	
	87600	2664.0657	158564.58	213990.74	2.8265846	-39614.574	-13787.806	
	87700	2668.1558	158335.82	213990.74	2.8265846	-39632.477	-13829.126	
	87800	2661.7154	158407.75	213990.74	2.8265846	-39609.809	-13808.088	
	87900	2703.8018	157524.65	213990.74	2.8265846	-39669.248	-13912.041	
	88000	2652.6371	157804.17	213990.74	2.8265846	-39650.614	-13945.351	
	88100	2658.5077	157869.07	213990.74	2.8265846	-39648.689	-13924.514	
	88200	2683.3329	157851.12	213990.74	2.8265846	-39644.251	-13879.155	
	88300	2683.764	158097.9	213990.74	2.8265846	-39637.437	-13838.628	
	88400	2674.2257	158693.62	213990.74	2.8265846	-39609.387	-13747.656	
	88500	2714.2448	158900.29	213990.74	2.8265846	-39607.626	-13648.463	
	88600	2712.0211	159445.02	213990.74	2.8265846	-39571.01	-13542.972	
	88700	2670.8204	159047.13	213990.74	2.8265846	-39576.986	-13673.982	
	88800	2681.2828	158256.7	213990.74	2.8265846	-39617.707	-13802.019	
	88900	2705.394	158601.42	213990.74	2.8265846	-39620.204	-13716.402	
	89000	2722.6258	158743.85	213990.74	2.8265846	-39626.348	-13673.456	
	89100	2688.7671	159263.76	213990.74	2.8265846	-39582.124	-13618.871	
	89200	2688.9492	159176.91	213990.74	2.8265846	-39584.963	-13632.992	
	89300	2720.3185	159294.61	213990.74	2.8265846	-39580.869	-13558.442	
	89400	2749.3964	159399.18	213990.74	2.8265846	-39601.514	-13514.383	
	89500	2700.7254	159285.5	213990.74	2.8265846	-39581.67	-13594.647	
	89600	2704.4013	159195.94	213990.74	2.8265846	-39595.937	-13614.462	
	89700	2704.3008	159666.48	213990.74	2.8265846	-39562.547	-13518.401	
	89800	2738.5015	159409.24	213990.74	2.8265846	-39585.536	-13516.071	
	89900	2727.6174	159841.84	213990.74	2.8265846	-39571.509	-13463.257	
	90000	2702.9106	160083.73	213990.74	2.8265846	-39536.609	-13439.16	
	90100	2754.6261	160648.78	213990.74	2.8265846	-39528.618	-13265.462	
	90200	2744.5821	161359.83	213990.74	2.8265846	-39497.574	-13156.973	
	90300	2751.2565	160983.69	213990.74	2.8265846	-39530.376	-13228.368	
	90400	2719.744	160711.82	213990.74	2.8265846	-39528.308	-13317.597	
	90500	2736.2501	159378.63	213990.74	2.8265846	-39592.825	-13531.378	
	90600	2732.1239	159302.29	213990.74	2.8265846	-39594.597	-13550.545	
	90700	2758.2714	159684.23	213990.74	2.8265846	-39577.531	-13436.842	
	90800	2752.2681	160911.93	213990.74	2.8265846	-39519.294	-13225.106	
	90900	2765.774	161341.02	213990.74	2.8265846	-39503.839	-13128.773	
	91000	2762.9577	161706.67	213990.74	2.8265846	-39480.5	-13061.511	
	91100	2764.6904	161518.52	213990.74	2.8265846	-39504.909	-13108.026	
	91200	2731.882	161599.85	213990.74	2.8265846	-39499.663	-13149.166	
	91300	2767.4919	161184.75	213990.74	2.8265846	-39529.704	-13172.512	
	91400	2762.3445	162000.44	213990.74	2.8265846	-39457.294	-13000.139	
	91500	2789.258	161827.78	213990.74	2.8265846	-39489.633	-13008.578	
	91600	2768.7722	161906.98	213990.74	2.8265846	-39466.784	-13010.896	
	91700	2757.8825	162639.39	213990.74	2.8265846	-39435.992	-12901.283	
	91800	2822.5868	161377.89	213990.74	2.8265846	-39536.099	-13056.977	
	91900	2779.302	161393.73	213990.74	2.8265846	-39502.304	-13096.594	
	92000	2776.3186	161609.99	213990.74	2.8265846	-39503.934	-13074.546	
	92100	2787.0835	161848.21	213990.74	2.8265846	-39502.368	-13022.379	
	92200	2793.1431	162531.66	213990.74	2.8265846	-39457.586	-12875.74	
	92300	2812.9447	162763.23	213990.74	2.8265846	-39452.109	-12804.782	
	92400	2784.6	163064.8	213990.74	2.8265846	-39427.39	-12789.243	
	92500	2761.9307	162510.07	213990.74	2.8265846	-39458.599	-12934.098	
	92600	2775.8675	161770.87	213990.74	2.8265846	-39492.988	-13042.899	
	92700	2811.9398	162072.79	213990.74	2.8265846	-39487.318	-12933.962	
	92800	2810.2535	162891.58	213990.74	2.8265846	-39452.083	-12792.31	
	92900	2808.5651	162713.8	213990.74	2.8265846	-39455.396	-12822.314	
	93000	2793.8118	163131.3	213990.74	2.8265846	-39428.725	-12765.623	
	93100	2808.0969	163195.37	213990.74	2.8265846	-39428.403	-12731.818	
	93200	2815.1057	163515.91	213990.74	2.8265846	-39415.539	-12663.912	
	93300	2827.0724	163478.24	213990.74	2.8265846	-39417.931	-12650.455	
	93400	2824.4933	163601.31	213990.74	2.8265846	-39411.407	-12631.993	
	93500	2821.577	163420.6	213990.74	2.8265846	-39409.964	-12659.775	
	93600	2824.6479	163565.51	213990.74	2.8265846	-39407.938	-12633.036	
	93700	2836.0678	163714.69	213990.74	2.8265846	-39404.885	-12590.132	
	93800	2831.5991	163881.35	213990.74	2.8265846	-39394.998	-12565.783	
	93900	2832.2773	164316.68	213990.74	2.8265846	-39370.731	-12482.189	
	94000	2870.9903	164755.87	213990.74	2.8265846	-39387.708	-12372.956	
	94100	2837.036	165384.37	213990.74	2.8265846	-39341.253	-12301.804	
	94200	2821.8263	164549.91	213990.74	2.8265846	-39370.491	-12469.033	
	94300	2817.4485	164628.78	213990.74	2.8265846	-39369	-12464.647	
	94400	2856.6133	165341.35	213990.74	2.8265846	-39333.437	-12265.574	
	94500	2868.6195	165283.63	213990.74	2.8265846	-39345.837	-12264.733	
	94600	2828.577	165674.58	213990.74	2.8265846	-39307.106	-12243.655	
	94700	2884.4849	165285.14	213990.74	2.8265846	-39354.988	-12246	
	94800	2859.7741	166244.93	213990.74	2.8265846	-39286.818	-12092.756	
	94900	2856.8489	166190.33	213990.74	2.8265846	-39288.841	-12107.174	
	95000	2874.8411	165673.03	213990.74	2.8265846	-39324.562	-12180.593	
	95100	2862.4729	165594.12	213990.74	2.8265846	-39319.864	-12208.016	
	95200	2863.8161	166057.3	213990.74	2.8265846	-39307.935	-12131.879	
	95300	2892.2414	166016.87	213990.74	2.8265846	-39324.653	-12104.398	
	95400	2870.5232	166156.51	213990.74	2.8265846	-39302.233	-12101.223	
	95500	2865.5792	165420.78	213990.74	2.8265846	-39317.095	-12222.978	
	95600	2873.1159	165574.17	213990.74	2.8265846	-39323.457	-12195.702	
	95700	2882.5293	166491.38	213990.74	2.8265846	-39285.029	-12018.344	
	95800	2900.078	166974.09	213990.74	2.8265846	-39273.214	-11911.438	
	95900	2889.3753	167090.89	213990.74	2.8265846	-39262.07	-11903.368	
	96000	2896.3959	166427.57	213990.74	2.8265846	-39294.571	-12012.213	
	96100	2874.7213	165276.75	213990.74	2.8265846	-39347.055	-12256.224	
	96200	2883.1003	164871.46	213990.74	2.8265846	-39375.742	-12324.421	
	96300	2898.1931	165246.97	213990.74	2.8265846	-39362.681	-12234.871	
	96400	2921.0369	165771.04	213990.74	2.8265846	-39328.337	-12090.672	
	96500	2907.5261	166861.99	213990.74	2.8265846	-39263.552	-11903.751	
	96600	2916.739	167738.09	213990.74	2.8265846	-39225.445	-11732.554	
	96700	2989.419	167572.59	213990.74	2.8265846	-39268.852	-11671.249	
	96800	2906.9622	167961.14	213990.74	2.8265846	-39215.105	-11709.482	
	96900	2922.7879	167290.96	213990.74	2.8265846	-39264.649	-11820.924	
	97000	2909.538	167156.88	213990.74	2.8265846	-39269.073	-11866.375	
	97100	2886.6761	167254.01	213990.74	2.8265846	-39253.965	-11878.186	
	97200	2933.1621	167817.8	213990.74	2.8265846	-39249.026	-11716.833	
	97300	2945.738	167932.78	213990.74	2.8265846	-39233.503	-11664.01	
	97400	2922.2572	168008.98	213990.74	2.8265846	-39230.217	-11691.517	
	97500	2930.757	167075.57	213990.74	2.8265846	-39264.573	-11835.712	
	97600	2937.1279	166851.47	213990.74	2.8265846	-39273.794	-11863.747	
	97700	2904.4285	167638.97	213990.74	2.8265846	-39233.128	-11774.958	
	97800	2953.3081	167765.25	213990.74	2.8265846	-39252.663	-11692.336	
	97900	2947.3127	168525.33	213990.74	2.8265846	-39203.613	-11552.23	
	98000	2931.4452	169571.74	213990.74	2.8265846	-39144.792	-11381.334	
	98100	2959.3581	170385.04	213990.74	2.8265846	-39107.634	-11186.845	
	98200	2980.4889	170151.45	213990.74	2.8265846	-39137.49	-11211.029	
	98300	2964.8077	169271.12	213990.74	2.8265846	-39177.263	-11395.743	
	98400	2958.2358	168729.94	213990.74	2.8265846	-39205.528	-11507.757	
	98500	2956.1285	168486.3	213990.74	2.8265846	-39227.893	-11566.34	
	98600	2949.3356	168778.97	213990.74	2.8265846	-39215.98	-11527.19	
	98700	2974.9115	169582.6	213990.74	2.8265846	-39162.621	-11321.87	
	98800	3004.4134	169142.99	213990.74	2.8265846	-39196.845	-11363.331	
	98900	2945.3133	169871.27	213990.74	2.8265846	-39146.188	-11318.526	
	99000	2959.8713	170183.35	213990.74	2.8265846	-39150.705	-11255.958	
	99100	2992.1997	169852.55	213990.74	2.8265846	-39168.208	-11261.235	
	99200	2981.8396	169804.25	213990.74	2.8265846	-39160.402	-11277.957	
	99300	2983.8743	169517.69	213990.74	2.8265846	-39180.562	-11332.84	
	99400	2969.1482	169649.42	213990.74	2.8265846	-39154.012	-11314.392	
	99500	3008.1407	169212.38	213990.74	2.8265846	-39192.168	-11342.882	
	99600	2967.1263	170175.88	213990.74	2.8265846	-39123.291	-11216.882	
	99700	3030.9034	169939.48	213990.74	2.8265846	-39180.965	-11194.848	
	99800	3008.7222	170438.87	213990.74	2.8265846	-39145.052	-11130.939	
	99900	2978.9903	169660.51	213990.74	2.8265846	-39167.597	-11309.322	
	100000	2967.4801	169902.61	213990.74	2.8265846	-39150.795	-11280.269	